16.1116.1116.1116.1116.1116.1116.1116.1116.1116.1116.1116.1116.1116.1116.1116.1116.1116.1116.1116.1116.1116.1116.1116.1116.1116.1116.1116.1116.1116.1116.1116.1116.1116.1116.1116.1116.1116.1116.1116.1116.1116.1116.1116.1116.1116.1116.1116.1116.1116.1116.1116.1116.1116.1116.1116.1116.1116.1116.1116.1116.1116.1116.1116.1116.1116.1116.1116.1116.1116.1116.1116.1116.1116.1116.1116.1116.1116.1116.1116.1116.1116.1116.1116.1116.1116.1116.1116.1116.1116.1116.1116.1116.1116.1116.1116.1116.1116.1116.1116.11
16.1116.1116.1116.1116.1116.1116.1116.1116.1116.1116.1116.1116.1116.1116.1116.1116.1116.1116.1116.1116.1116.1116.1116.1116.1116.1116.1116.1116.1116.1116.1116.1116.1116.1116.1116.1116.1116.1116.1116.1116.1116.1116.1116.1116.1116.1116.1116.1116.1116.1116.1116.1116.1116.11
16.1116.1116.1116.1116.1116.1116.1116.1116.1116.1116.1116.1116.1116.1116.1116.1116.1116.1116.1116.1116.1116.1116.1116.1116.1116.1116.1116.1116.1116.1116.1116.1116.1116.1116.1116.1116.1116.1116.1116.1116.1116.1116.1116.1116.1116.1116.1116.1116.1116.1116.1116.1116.1116.1116.1116.1116.1116.1116.1116.1116.1116.1116.1116.1116.1116.1116.1116.1116.1116.1116.1116.1116.1116.1116.1116.1116.1116.1116.1116.1116.1116.1116.1116.1116.1116.1116.1116.1116.1116.1116.1116.1116.1116.1116.1116.1116.1116.1116.1116.11
16.1116.1116.1116.1116.1116.1116.1116.1116.1116.1116.1116.1116.1116.1116.1116.1116.1116.1116.1116.1116.1116.1116.1116.1116.1116.1116.1116.1116.1116.1116.1116.1116.1116.1116.1116.1116.1116.1116.1116.1116.1116.1116.1116.1116.1116.1116.1116.1116.1116.1116.1116.1116.1116.11
16.1116.1116.1116.1116.1116.1116.1116.1116.1116.1116.1116.1116.1116.1116.1116.1116.1116.1116.1116.1116.1116.1116.1116.1116.1116.1116.1116.1116.1116.1116.1116.1116.1116.1116.1116.1116.1116.1116.1116.1116.1116.1116.1116.1116.1116.1116.1116.1116.1116.1116.1116.1116.1116.1116.1116.1116.1116.1116.1116.1116.1116.1116.1116.1116.1116.1116.1116.1116.1116.1116.1116.1116.1116.1116.1116.1116.1116.1116.1116.1116.1116.1116.1116.1116.1116.1116.1116.1116.1116.1116.1116.1116.1116.1116.1116.1116.1116.1116.1116.11
16.1116.1116.1116.1116.1116.1116.1116.1116.1116.1116.1116.1116.1116.1116.1116.1116.1116.1116.1116.1116.1116.1116.1116.1116.1116.1116.1116.1116.1116.1116.1116.1116.1116.1116.1116.1116.1116.1116.1116.1116.1116.1116.1116.1116.1116.1116.1116.1116.1116.1116.1116.1116.1116.11
16.1116.1116.1116.1116.1116.1116.1116.1116.1116.1116.1116.1116.1116.1116.1116.1116.1116.1116.1116.1116.1116.1116.1116.1116.1116.1116.1116.1116.1116.1116.1116.1116.1116.1116.1116.1116.1116.1116.1116.1116.1116.1116.1116.1116.1116.1116.1116.1116.1116.1116.1116.1116.1116.1116.1116.1116.1116.1116.1116.1116.1116.1116.1116.1116.1116.1116.1116.1116.1116.1116.1116.1116.1116.1116.1116.1116.1116.1116.1116.1116.1116.1116.1116.1116.1116.1116.1116.1116.1116.1116.1116.1116.1116.1116.1116.1116.1116.1116.1116.11
16.1116.1116.1116.1116.1116.1116.1116.1116.1116.1116.1116.1116.1116.1116.1116.1116.1116.1116.1116.1116.1116.1116.1116.1116.1116.1116.1116.1116.1116.1116.1116.1116.1116.1116.1116.1116.1116.1116.1116.1116.1116.1116.1116.1116.1116.1116.1116.1116.1116.1116.1116.1116.1116.11
16.1116.1116.1116.1116.1116.1116.1116.1116.1116.1116.1116.1116.1116.1116.1116.1116.1116.1116.1116.1116.1116.1116.1116.1116.1116.1116.1116.1116.1116.1116.1116.1116.1116.1116.1116.1116.1116.1116.1116.1116.1116.1116.1116.1116.1116.1116.1116.1116.1116.1116.1116.1116.1116.1116.1116.1116.1116.1116.1116.1116.1116.1116.1116.1116.1116.1116.1116.1116.1116.1116.1116.1116.1116.1116.1116.1116.1116.1116.1116.1116.1116.1116.1116.1116.1116.1116.1116.1116.1116.1116.1116.1116.1116.1116.1116.1116.1116.1116.1116.11
16.1116.1116.1116.1116.1116.1116.1116.1116.1116.1116.1116.1116.1116.1116.1116.1116.1116.1116.1116.1116.1116.1116.1116.1116.1116.1116.1116.1116.1116.1116.1116.1116.1116.1116.1116.1116.1116.1116.1116.1116.1116.1116.1116.1116.1116.1116.1116.1116.1116.1116.1116.1116.1116.11
1.35 1.35 1.35 1.35 1.35 1.35 1.35 1.35 1.35 1.35 1.35 1.35 1.35 1.35 1.35 1.35 1.35 1.35 1.35 1.35 1.35 1.35 1.35 1.35 1.35 1.35 1.35 1.35 1.35 1.35 1.35 1.35 1.35 1.35 1.35 1.35 1.35 1.35 1.35 1.35 1.35 1.35 1.35 1.35 1.35 1.35 1.35 1.35 1.35 1.35 1.35 1.35 1.35 1.35 1.35 1.35 1.35 1.35 1.35 1.35 1.35 1.35 1.35 1.35 1.35 1.35 1.35 1.35 1.35 1.35 1.35 1.35 1.35 1.35 1.35 1.35 1.35 1.35 1.35 1.35 1.35 1.35 1.35 1.35 1.35 1.35 1.35 1.35 1.35 1.35 1.35 1.35 1.35 1.35 1.35 1.35 1.35 1.35 1.35 1.35 
1.35 1.35 1.35 1.35 1.35 1.35 1.35 1.35 1.35 1.35 1.35 1.35 1.35 1.35 1.35 1.35 1.35 1.35 1.35 1.35 1.35 1.35 1.35 1.35 1.35 1.35 1.35 1.35 1.35 1.35 1.35 16.1116.1116.1116.1116.1116.1116.1116.1116.1116.1116.1116.1116.1116.1116.1116.1116.1116.1116.1116.1116.1116.1116.11
1.35 1.35 1.35 1.35 1.35 1.35 1.35 1.35 1.35 1.35 1.35 1.35 1.35 1.35 1.35 1.35 1.35 1.35 1.35 1.35 1.35 1.35 1.35 1.35 1.35 1.35 1.35 1.35 1.35 1.35 1.35 1.35 1.35 1.35 1.35 1.35 1.35 1.35 1.35 1.35 1.35 1.35 1.35 1.35 1.35 1.35 1.35 1.35 1.35 1.35 1.35 1.35 1.35 1.35 1.35 1.35 1.35 1.35 1.35 1.35 1.35 1.35 1.35 1.35 1.35 1.35 1.35 1.35 1.35 1.35 1.35 1.35 1.35 1.35 1.35 1.35 1.35 1.35 1.35 1.35 1.35 1.35 1.35 1.35 1.35 1.35 1.35 1.35 1.35 1.35 1.35 1.35 1.35 1.35 1.35 1.35 1.35 1.35 1.35 1.35 
1.35 1.35 1.35 1.35 1.35 1.35 1.35 1.35 1.35 1.35 1.35 1.35 1.35 1.35 1.35 1.35 1.35 1.35 1.35 1.35 1.35 1.35 1.35 1.35 1.35 1.35 1.35 1.35 1.35 1.35 1.35 16.1116.1116.1116.1116.1116.1116.1116.1116.1116.1116.1116.1116.1116.1116.1116.1116.1116.1116.1116.1116.1116.1116.11
1.35 1.35 1.35 1.35 1.35 1.35 1.35 1.35 1.35 1.35 1.35 1.35 1.35 1.35 1.35 1.35 1.35 1.35 1.35 1.35 1.35 1.35 1.35 1.35 1.35 1.35 1.35 1.35 1.35 1.35 1.35 1.35 1.35 1.35 1.35 1.35 1.35 1.35 1.35 1.35 1.35 1.35 1.35 1.35 1.35 1.35 1.35 1.35 1.35 1.35 1.35 1.35 1.35 1.35 1.35 1.35 1.35 1.35 1.35 1.35 1.35 1.35 1.35 1.35 1.35 1.35 1.35 1.35 1.35 1.35 1.35 1.35 1.35 1.35 1.35 1.35 1.35 1.35 1.35 1.35 1.35 1.35 1.35 1.35 1.35 1.35 1.35 1.35 1.35 1.35 1.35 1.35 1.35 1.35 1.35 1.35 1.35 1.35 1.35 1.35 
1.35 1.35 1.35 1.35 1.35 1.35 1.35 1.35 1.35 1.35 1.35 1.35 1.35 1.35 1.35 1.35 1.35 1.35 1.35 1.35 1.35 1.35 1.35 1.35 1.35 1.35 1.35 1.35 1.35 1.35 1.35 16.1116.1116.1116.1116.1116.1116.1116.1116.1116.1116.1116.1116.1116.1116.1116.1116.1116.1116.1116.1116.1116.1116.11
1.35 1.35 1.35 1.35 1.35 1.35 1.35 1.35 1.35 1.35 1.35 1.35 1.35 1.35 1.35 1.35 1.35 1.35 1.35 1.35 1.35 1.35 1.35 1.35 1.35 1.35 1.35 1.35 1.35 1.35 1.35 1.35 1.35 1.35 1.35 1.35 1.35 1.35 1.35 1.35 1.35 1.35 1.35 1.35 1.35 1.35 1.35 1.35 1.35 1.35 1.35 1.35 1.35 1.35 1.35 1.35 1.35 1.35 1.35 1.35 1.35 1.35 1.35 1.35 1.35 1.35 1.35 1.35 1.35 1.35 1.35 1.35 1.35 1.35 1.35 1.35 1.35 1.35 1.35 1.35 1.35 1.35 1.35 1.35 1.35 1.35 1.35 1.35 1.35 1.35 1.35 1.35 1.35 1.35 1.35 1.35 1.35 1.35 1.35 1.35 
1.35 1.35 1.35 1.35 1.35 1.35 1.35 1.35 1.35 1.35 1.35 1.35 1.35 1.35 1.35 1.35 1.35 1.35 1.35 1.35 1.35 1.35 1.35 1.35 1.35 1.35 1.35 1.35 1.35 1.35 1.35 16.1116.1116.1116.1116.1116.1116.1116.1116.1116.1116.1116.1116.1116.1116.1116.1116.1116.1116.1116.1116.1116.1116.11
1.35 1.35 1.35 1.35 1.35 1.35 1.35 1.35 1.35 1.35 1.35 1.35 1.35 1.35 1.35 1.35 1.35 1.35 1.35 1.35 1.35 1.35 1.35 1.35 1.35 1.35 1.35 1.35 1.35 1.35 1.35 1.35 1.35 1.35 1.35 1.35 1.35 1.35 1.35 1.35 1.35 1.35 1.35 1.35 1.35 1.35 1.35 1.35 1.35 1.35 1.35 1.35 1.35 1.35 1.35 1.35 1.35 1.35 1.35 1.35 1.35 1.35 1.35 1.35 1.35 1.35 1.35 1.35 1.35 1.35 1.35 1.35 1.35 1.35 1.35 1.35 1.35 1.35 1.35 1.35 1.35 1.35 1.35 1.35 1.35 1.35 1.35 1.35 1.35 1.35 1.35 1.35 1.35 1.35 1.35 1.35 1.35 1.35 1.35 1.35 
1.35 1.35 1.35 1.35 1.35 1.35 1.35 1.35 1.35 1.35 1.35 1.35 1.35 1.35 1.35 1.35 1.35 1.35 1.35 1.35 1.35 1.35 1.35 1.35 1.35 1.35 1.35 1.35 1.35 1.35 1.35 16.1116.1116.1116.1116.1116.1116.1116.1116.1116.1116.1116.1116.1116.1116.1116.1116.1116.1116.1116.1116.1116.1116.11
1.35 1.35 1.35 1.35 1.35 1.35 1.35 1.35 1.35 1.35 1.35 1.35 1.35 1.35 1.35 1.35 1.35 1.35 1.35 1.35 1.35 1.35 1.35 1.35 1.35 1.35 1.35 1.35 1.35 1.35 1.35 1.35 1.35 1.35 1.35 1.35 1.35 1.35 1.35 1.35 1.35 1.35 1.35 1.35 1.35 1.35 1.35 1.35 1.35 1.35 1.35 1.35 1.35 1.35 1.35 1.35 1.35 1.35 1.35 1.35 1.35 1.35 1.35 1.35 1.35 1.35 1.35 1.35 1.35 1.35 1.35 1.35 1.35 1.35 1.35 1.35 1.35 1.35 1.35 1.35 1.35 1.35 1.35 1.35 1.35 1.35 1.35 1.35 1.35 1.35 1.35 1.35 1.35 1.35 1.35 1.35 1.35 1.35 1.35 1.35 
1.35 1.35 1.35 1.35 1.35 1.35 1.35 1.35 1.35 1.35 1.35 1.35 1.35 1.35 1.35 1.35 1.35 1.35 1.35 1.35 1.35 1.35 1.35 1.35 1.35 1.35 1.35 1.35 1.35 1.35 1.35 16.1116.1116.1116.1116.1116.1116.1116.1116.1116.1116.1116.1116.1116.1116.1116.1116.1116.1116.1116.1116.1116.1116.11
1.35 1.35 1.35 1.35 1.35 1.35 1.35 1.35 1.35 1.35 1.35 1.35 1.35 1.35 1.35 1.35 1.35 1.35 1.35 1.35 1.35 1.35 1.35 1.35 1.35 1.35 1.35 1.35 1.35 1.35 1.35 1.35 1.35 1.35 1.35 1.35 1.35 1.35 1.35 1.35 1.35 1.35 1.35 1.35 1.35 1.35 1.35 1.35 1.35 1.35 1.35 1.35 1.35 1.35 1.35 1.35 1.35 1.35 1.35 1.35 1.35 1.35 1.35 1.35 1.35 1.35 1.35 1.35 1.35 1.35 1.35 1.35 1.35 1.35 1.35 1.35 1.35 1.35 1.35 1.35 1.35 1.35 1.35 1.35 1.35 1.35 1.35 1.35 1.35 1.35 1.35 1.35 1.35 1.35 1.35 1.35 1.35 1.35 1.35 1.35 
1.35 1.35 1.35 1.35 1.35 1.35 1.35 1.35 1.35 1.35 1.35 1.35 1.35 1.35 1.35 1.35 1.35 1.35 1.35 1.35 1.35 1.35 1.35 1.35 1.35 1.35 1.35 1.35 1.35 1.35 1.35 16.1116.1116.1116.1116.1116.1116.1116.1116.1116.1116.1116.1116.1116.1116.1116.1116.1116.1116.1116.1116.1116.1116.11
1.35 1.35 1.35 1.35 1.35 1.35 1.35 1.35 1.35 1.35 1.35 1.35 1.35 1.35 1.35 1.35 1.35 1.35 1.35 1.35 1.35 1.35 1.35 1.35 1.35 1.35 1.35 1.35 1.35 1.35 1.35 1.35 1.35 1.35 1.35 1.35 1.35 1.35 1.35 1.35 1.35 1.35 1.35 1.35 1.35 1.35 1.35 1.35 1.35 1.35 1.35 1.35 1.35 1.35 1.35 1.35 1.35 1.35 1.35 1.35 1.35 1.35 1.35 1.35 1.35 1.35 1.35 1.35 1.35 1.35 1.35 1.35 1.35 1.35 1.35 1.35 1.35 1.35 1.35 1.35 1.35 1.35 1.35 1.35 1.35 1.35 1.35 1.35 1.35 1.35 1.35 1.35 1.35 1.35 1.35 1.35 1.35 1.35 1.35 1.35 
1.35 1.35 1.35 1.35 1.35 1.35 1.35 1.35 1.35 1.35 1.35 1.35 1.35 1.35 1.35 1.35 1.35 1.35 1.35 1.35 1.35 1.35 1.35 1.35 1.35 1.35 1.35 1.35 1.35 1.35 1.35 16.1116.1116.1116.1116.1116.1116.1116.1116.1116.1116.1116.1116.1116.1116.1116.1116.1116.1116.1116.1116.1116.1116.11
1.35 1.35 1.35 1.35 1.35 1.35 1.35 1.35 1.35 1.35 1.35 1.35 1.35 1.35 1.35 1.35 1.35 1.35 1.35 1.35 1.35 1.35 1.35 1.35 1.35 1.35 1.35 1.35 1.35 1.35 1.35 1.35 1.35 1.35 1.35 1.35 1.35 1.35 1.35 1.35 1.35 1.35 1.35 1.35 1.35 1.35 1.35 1.35 1.35 1.35 1.35 1.35 1.35 1.35 1.35 1.35 1.35 1.35 1.35 1.35 1.35 1.35 1.35 1.35 1.35 1.35 1.35 1.35 1.35 1.35 1.35 1.35 1.35 1.35 1.35 1.35 1.35 1.35 1.35 1.35 1.35 1.35 1.35 1.35 1.35 1.35 1.35 1.35 1.35 1.35 1.35 1.35 1.35 1.35 1.35 1.35 1.35 1.35 1.35 1.35 
1.35 1.35 1.35 1.35 1.35 1.35 1.35 1.35 1.35 1.35 1.35 1.35 1.35 1.35 1.35 1.35 1.35 1.35 1.35 1.35 1.35 1.35 1.35 1.35 1.35 1.35 1.35 1.35 1.35 1.35 1.35 16.1116.1116.1116.1116.1116.1116.1116.1116.1116.1116.1116.1116.1116.1116.1116.1116.1116.1116.1116.1116.1116.1116.11
1.35 1.35 1.35 1.35 1.35 1.35 1.35 1.35 1.35 1.35 1.35 1.35 1.35 1.35 1.35 1.35 1.35 1.35 1.35 1.35 1.35 1.35 1.35 1.35 1.35 1.35 1.35 1.35 1.35 1.35 1.35 1.35 1.35 1.35 1.35 1.35 1.35 1.35 1.35 1.35 1.35 1.35 1.35 1.35 1.35 1.35 1.35 1.35 1.35 1.35 1.35 1.35 1.35 1.35 1.35 1.35 1.35 1.35 1.35 1.35 1.35 1.35 1.35 1.35 1.35 1.35 1.35 1.35 1.35 1.35 1.35 1.35 1.35 1.35 1.35 1.35 1.35 1.35 1.35 1.35 1.35 1.35 1.35 1.35 1.35 1.35 1.35 1.35 1.35 1.35 1.35 1.35 1.35 1.35 1.35 1.35 1.35 1.35 1.35 1.35 
1.35 1.35 1.35 1.35 1.35 1.35 1.35 1.35 1.35 1.35 1.35 1.35 1.35 1.35 1.35 1.35 1.35 1.35 1.35 1.35 1.35 1.35 1.35 1.35 1.35 1.35 1.35 1.35 1.35 1.35 1.35 16.1116.1116.1116.1116.1116.1116.1116.1116.1116.1116.1116.1116.1116.1116.1116.1116.1116.1116.1116.1116.1116.1116.11
1.35 1.35 1.35 1.35 1.35 1.35 1.35 1.35 1.35 1.35 1.35 1.35 1.35 1.35 1.35 1.35 1.35 1.35 1.35 1.35 1.35 1.35 1.35 1.35 1.35 1.35 1.35 1.35 1.35 1.35 1.35 1.35 1.35 1.35 1.35 1.35 1.35 1.35 1.35 1.35 1.35 1.35 1.35 1.35 1.35 1.35 1.35 1.35 1.35 1.35 1.35 1.35 1.35 1.35 1.35 1.35 1.35 1.35 1.35 1.35 1.35 1.35 1.35 1.35 1.35 1.35 1.35 1.35 1.35 1.35 1.35 1.35 1.35 1.35 1.35 1.35 1.35 1.35 1.35 1.35 1.35 1.35 1.35 1.35 1.35 1.35 1.35 1.35 1.35 1.35 1.35 1.35 1.35 1.35 1.35 1.35 1.35 1.35 1.35 1.35 
1.35 1.35 1.35 1.35 1.35 1.35 1.35 1.35 1.35 1.35 1.35 1.35 1.35 1.35 1.35 1.35 1.35 1.35 1.35 1.35 1.35 1.35 1.35 1.35 1.35 1.35 1.35 1.35 1.35 1.35 1.35 16.1116.1116.1116.1116.1116.1116.1116.1116.1116.1116.1116.1116.1116.1116.1116.1116.1116.1116.1116.1116.1116.1116.11
1.35 1.35 1.35 1.35 1.35 1.35 1.35 1.35 1.35 1.35 1.35 1.35 1.35 1.35 1.35 1.35 1.35 1.35 1.35 1.35 1.35 1.35 1.35 1.35 1.35 1.35 1.35 1.35 1.35 1.35 1.35 1.35 1.35 1.35 1.35 1.35 1.35 1.35 1.35 1.35 1.35 1.35 1.35 1.35 1.35 1.35 1.35 1.35 1.35 1.35 1.35 1.35 1.35 1.35 1.35 1.35 1.35 1.35 1.35 1.35 1.35 1.35 1.35 1.35 1.35 1.35 1.35 1.35 1.35 1.35 1.35 1.35 1.35 1.35 1.35 1.35 1.35 1.35 1.35 1.35 1.35 1.35 1.35 1.35 1.35 1.35 1.35 1.35 1.35 1.35 1.35 1.35 1.35 1.35 1.35 1.35 1.35 1.35 1.35 1.35 
1.35 1.35 1.35 1.35 1.35 1.35 1.35 1.35 1.35 1.35 1.35 1.35 1.35 1.35 1.35 1.35 1.35 1.35 1.35 1.35 1.35 1.35 1.35 1.35 1.35 1.35 1.35 1.35 1.35 1.35 1.35 16.1116.1116.1116.1116.1116.1116.1116.1116.1116.1116.1116.1116.1116.1116.1116.1116.1116.1116.1116.1116.1116.1116.11
1.35 1.35 1.35 1.35 1.35 1.35 1.35 1.35 1.35 1.35 1.35 1.35 1.35 1.35 1.35 1.35 1.35 1.35 1.35 1.35 1.35 1.35 1.35 1.35 1.35 1.35 1.35 1.35 1.35 1.35 1.35 1.35 1.35 1.35 1.35 1.35 1.35 1.35 1.35 1.35 1.35 1.35 1.35 1.35 1.35 1.35 1.35 1.35 1.35 1.35 1.35 1.35 1.35 1.35 1.35 1.35 1.35 1.35 1.35 1.35 1.35 1.35 1.35 1.35 1.35 1.35 1.35 1.35 1.35 1.35 1.35 1.35 1.35 1.35 1.35 1.35 1.35 1.35 1.35 1.35 1.35 1.35 1.35 1.35 1.35 1.35 1.35 1.35 1.35 1.35 1.35 1.35 1.35 1.35 1.35 1.35 1.35 1.35 1.35 1.35 
1.35 1.35 1.35 1.35 1.35 1.35 1.35 1.35 1.35 1.35 1.35 1.35 1.35 1.35 1.35 1.35 1.35 1.35 1.35 1.35 1.35 1.35 1.35 1.35 1.35 1.35 1.35 1.35 1.35 1.35 1.35 16.1116.1116.1116.1116.1116.1116.1116.1116.1116.1116.1116.1116.1116.1116.1116.1116.1116.1116.1116.1116.1116.1116.11
1.35 1.35 1.35 1.35 1.35 1.35 1.35 1.35 1.35 1.35 1.35 1.35 1.35 1.35 1.35 1.35 1.35 1.35 1.35 1.35 1.35 1.35 1.35 1.35 1.35 1.35 1.35 1.35 1.35 1.35 1.35 1.35 1.35 1.35 1.35 1.35 1.35 1.35 1.35 1.35 1.35 1.35 1.35 1.35 1.35 1.35 1.35 1.35 1.35 1.35 1.35 1.35 1.35 1.35 1.35 1.35 1.35 1.35 1.35 1.35 1.35 1.35 1.35 1.35 1.35 1.35 1.35 1.35 1.35 1.35 1.35 1.35 1.35 1.35 1.35 1.35 1.35 1.35 1.35 1.35 1.35 1.35 1.35 1.35 1.35 1.35 1.35 1.35 1.35 1.35 1.35 1.35 1.35 1.35 1.35 1.35 1.35 1.35 1.35 1.35 
1.35 1.35 1.35 1.35 1.35 1.35 1.35 1.35 1.35 1.35 1.35 1.35 1.35 1.35 1.35 1.35 1.35 1.35 1.35 1.35 1.35 1.35 1.35 1.35 1.35 1.35 1.35 1.35 1.35 1.35 1.35 16.1116.1116.1116.1116.1116.1116.1116.1116.1116.1116.1116.1116.1116.1116.1116.1116.1116.1116.1116.1116.1116.1116.11
1.35 1.35 1.35 1.35 1.35 1.35 1.35 1.35 1.35 1.35 1.35 1.35 1.35 1.35 1.35 1.35 1.35 1.35 1.35 1.35 1.35 1.35 1.35 1.35 1.35 1.35 1.35 1.35 1.35 1.35 1.35 1.35 1.35 1.35 1.35 1.35 1.35 1.35 1.35 1.35 1.35 1.35 1.35 1.35 1.35 1.35 1.35 1.35 1.35 1.35 1.35 1.35 1.35 1.35 1.35 1.35 1.35 1.35 1.35 1.35 1.35 1.35 1.35 1.35 1.35 1.35 1.35 1.35 1.35 1.35 1.35 1.35 1.35 1.35 1.35 1.35 1.35 1.35 1.35 1.35 1.35 1.35 1.35 1.35 1.35 1.35 1.35 1.35 1.35 1.35 1.35 1.35 1.35 1.35 1.35 1.35 1.35 1.35 1.35 1.35 
1.35 1.35 1.35 1.35 1.35 1.35 1.35 1.35 1.35 1.35 1.35 1.35 1.35 1.35 1.35 1.35 1.35 1.35 1.35 1.35 1.35 1.35 1.35 1.35 1.35 1.35 1.35 1.35 1.35 1.35 1.35 16.1116.1116.1116.1116.1116.1116.1116.1116.1116.1116.1116.1116.1116.1116.1116.1116.1116.1116.1116.1116.1116.1116.11
1.35 1.35 1.35 1.35 1.35 1.35 1.35 1.35 1.35 1.35 1.35 1.35 1.35 1.35 1.35 1.35 1.35 1.35 1.35 1.35 1.35 1.35 1.35 1.35 1.35 1.35 1.35 1.35 1.35 1.35 1.35 1.35 1.35 1.35 1.35 1.35 1.35 1.35 1.35 1.35 1.35 1.35 1.35 1.35 1.35 1.35 1.35 1.35 1.35 1.35 1.35 1.35 1.35 1.35 1.35 1.35 1.35 1.35 1.35 1.35 1.35 1.35 1.35 1.35 1.35 1.35 1.35 1.35 1.35 1.35 1.35 1.35 1.35 1.35 1.35 1.35 1.35 1.35 1.35 1.35 1.35 1.35 1.35 1.35 1.35 1.35 1.35 1.35 1.35 1.35 1.35 1.35 1.35 1.35 1.35 1.35 1.35 1.35 1.35 1.35 
1.35 1.35 1.35 1.35 1.35 1.35 1.35 1.35 1.35 1.35 1.35 1.35 1.35 1.35 1.35 1.35 1.35 1.35 1.35 1.35 1.35 1.35 1.35 1.35 1.35 1.35 1.35 1.35 1.35 1.35 1.35 16.1116.1116.1116.1116.1116.1116.1116.1116.1116.1116.1116.1116.1116.1116.1116.1116.1116.1116.1116.1116.1116.1116.11
1.35 1.35 1.35 1.35 1.35 1.35 1.35 1.35 1.35 1.35 1.35 1.35 1.35 1.35 1.35 1.35 1.35 1.35 1.35 1.35 1.35 1.35 1.35 1.35 1.35 1.35 1.35 1.35 1.35 1.35 1.35 1.35 1.35 1.35 1.35 1.35 1.35 1.35 1.35 1.35 1.35 1.35 1.35 1.35 1.35 1.35 1.35 1.35 1.35 1.35 1.35 1.35 1.35 1.35 1.35 1.35 1.35 1.35 1.35 1.35 1.35 1.35 1.35 1.35 1.35 1.35 1.35 1.35 1.35 1.35 1.35 1.35 1.35 1.35 1.35 1.35 1.35 1.35 1.35 1.35 1.35 1.35 1.35 1.35 1.35 1.35 1.35 1.35 1.35 1.35 1.35 1.35 1.35 1.35 1.35 1.35 1.35 1.35 1.35 1.35 
1.35 1.35 1.35 1.35 1.35 1.35 1.35 1.35 1.35 1.35 1.35 1.35 1.35 1.35 1.35 1.35 1.35 1.35 1.35 1.35 1.35 1.35 1.35 1.35 1.35 1.35 1.35 1.35 1.35 1.35 1.35 16.1116.1116.1116.1116.1116.1116.1116.1116.1116.1116.1116.1116.1116.1116.1116.1116.1116.1116.1116.1116.1116.1116.11
1.35 1.35 1.35 1.35 1.35 1.35 1.35 1.35 1.35 1.35 1.35 1.35 1.35 1.35 1.35 1.35 1.35 1.35 1.35 1.35 1.35 1.35 1.35 1.35 1.35 1.35 1.35 1.35 1.35 1.35 1.35 1.35 1.35 1.35 1.35 1.35 1.35 1.35 1.35 1.35 1.35 1.35 1.35 1.35 1.35 1.35 1.35 1.35 1.35 1.35 1.35 1.35 1.35 1.35 1.35 1.35 1.35 1.35 1.35 1.35 1.35 1.35 1.35 1.35 1.35 1.35 1.35 1.35 1.35 1.35 1.35 1.35 1.35 1.35 1.35 1.35 1.35 1.35 1.35 1.35 1.35 1.35 1.35 1.35 1.35 1.35 1.35 1.35 1.35 1.35 1.35 1.35 1.35 1.35 1.35 1.35 1.35 1.35 1.35 1.35 
1.35 1.35 1.35 1.35 1.35 1.35 1.35 1.35 1.35 1.35 1.35 1.35 1.35 1.35 1.35 1.35 1.35 1.35 1.35 1.35 1.35 1.35 1.35 1.35 1.35 1.35 1.35 1.35 1.35 1.35 1.35 16.1116.1116.1116.1116.1116.1116.1116.1116.1116.1116.1116.1116.1116.1116.1116.1116.1116.1116.1116.1116.1116.1116.11
1.35 1.35 1.35 1.35 1.35 1.35 1.35 1.35 1.35 1.35 1.35 1.35 1.35 1.35 1.35 1.35 1.35 1.35 1.35 1.35 1.35 1.35 1.35 1.35 1.35 1.35 1.35 1.35 1.35 1.35 1.35 1.35 1.35 1.35 1.35 1.35 1.35 1.35 1.35 1.35 1.35 1.35 1.35 1.35 1.35 1.35 1.35 1.35 1.35 1.35 1.35 1.35 1.35 1.35 1.35 1.35 1.35 1.35 1.35 1.35 1.35 1.35 1.35 1.35 1.35 1.35 1.35 1.35 1.35 1.35 1.35 1.35 1.35 1.35 1.35 1.35 1.35 1.35 1.35 1.35 1.35 1.35 1.35 1.35 1.35 1.35 1.35 1.35 1.35 1.35 1.35 1.35 1.35 1.35 1.35 1.35 1.35 1.35 1.35 1.35 
1.35 1.35 1.35 1.35 1.35 1.35 1.35 1.35 1.35 1.35 1.35 1.35 1.35 1.35 1.35 1.35 1.35 1.35 1.35 1.35 1.35 1.35 1.35 1.35 1.35 1.35 1.35 1.35 1.35 1.35 1.35 16.1116.1116.1116.1116.1116.1116.1116.1116.1116.1116.1116.1116.1116.1116.1116.1116.1116.1116.1116.1116.1116.1116.11
1.35 1.35 1.35 1.35 1.35 1.35 1.35 1.35 1.35 1.35 1.35 1.35 1.35 1.35 1.35 1.35 1.35 1.35 1.35 1.35 1.35 1.35 1.35 1.35 1.35 1.35 1.35 1.35 1.35 1.35 1.35 1.35 1.35 1.35 1.35 1.35 1.35 1.35 1.35 1.35 1.35 1.35 1.35 1.35 1.35 1.35 1.35 1.35 1.35 1.35 1.35 1.35 1.35 1.35 1.35 1.35 1.35 1.35 1.35 1.35 1.35 1.35 1.35 1.35 1.35 1.35 1.35 1.35 1.35 1.35 1.35 1.35 1.35 1.35 1.35 1.35 1.35 1.35 1.35 1.35 1.35 1.35 1.35 1.35 1.35 1.35 1.35 1.35 1.35 1.35 1.35 1.35 1.35 1.35 1.35 1.35 1.35 1.35 1.35 1.35 
1.35 1.35 1.35 1.35 1.35 1.35 1.35 1.35 1.35 1.35 1.35 1.35 1.35 1.35 1.35 1.35 1.35 1.35 1.35 1.35 1.35 1.35 1.35 1.35 1.35 1.35 1.35 1.35 1.35 1.35 1.35 16.1116.1116.1116.1116.1116.1116.1116.1116.1116.1116.1116.1116.1116.1116.1116.1116.1116.1116.1116.1116.1116.1116.11
1.35 1.35 1.35 1.35 1.35 1.35 1.35 1.35 1.35 1.35 1.35 1.35 1.35 1.35 1.35 1.35 1.35 1.35 1.35 1.35 1.35 1.35 1.35 1.35 1.35 1.35 1.35 1.35 1.35 1.35 1.35 1.35 1.35 1.35 1.35 1.35 1.35 1.35 1.35 1.35 1.35 1.35 1.35 1.35 1.35 1.35 1.35 1.35 1.35 1.35 1.35 1.35 1.35 1.35 1.35 1.35 1.35 1.35 1.35 1.35 1.35 1.35 1.35 1.35 1.35 1.35 1.35 1.35 1.35 1.35 1.35 1.35 1.35 1.35 1.35 1.35 1.35 1.35 1.35 1.35 1.35 1.35 1.35 1.35 1.35 1.35 1.35 1.35 1.35 1.35 1.35 1.35 1.35 1.35 1.35 1.35 1.35 1.35 1.35 1.35 
1.35 1.35 1.35 1.35 1.35 1.35 1.35 1.35 1.35 1.35 1.35 1.35 1.35 1.35 1.35 1.35 1.35 1.35 1.35 1.35 1.35 1.35 1.35 1.35 1.35 1.35 1.35 1.35 1.35 1.35 1.35 16.1116.1116.1116.1116.1116.1116.1116.1116.1116.1116.1116.1116.1116.1116.1116.1116.1116.1116.1116.1116.1116.1116.11
1.35 1.35 1.35 1.35 1.35 1.35 1.35 1.35 1.35 1.35 1.35 1.35 1.35 1.35 1.35 1.35 1.35 1.35 1.35 1.35 1.35 1.35 1.35 1.35 1.35 1.35 1.35 1.35 1.35 1.35 1.35 1.35 1.35 1.35 1.35 1.35 1.35 1.35 1.35 1.35 1.35 1.35 1.35 1.35 1.35 1.35 1.35 1.35 1.35 1.35 1.35 1.35 1.35 1.35 1.35 1.35 1.35 1.35 1.35 1.35 1.35 1.35 1.35 1.35 1.35 1.35 1.35 1.35 1.35 1.35 1.35 1.35 1.35 1.35 1.35 1.35 1.35 1.35 1.35 1.35 1.35 1.35 1.35 1.35 1.35 1.35 1.35 1.35 1.35 1.35 1.35 1.35 1.35 1.35 1.35 1.35 1.35 1.35 1.35 1.35 
1.35 1.35 1.35 1.35 1.35 1.35 1.35 1.35 1.35 1.35 1.35 1.35 1.35 1.35 1.35 1.35 1.35 1.35 1.35 1.35 1.35 1.35 1.35 1.35 1.35 1.35 1.35 1.35 1.35 1.35 1.35 16.1116.1116.1116.1116.1116.1116.1116.1116.1116.1116.1116.1116.1116.1116.1116.1116.1116.1116.1116.1116.1116.1116.11
1.35 1.35 1.35 1.35 1.35 1.35 1.35 1.35 1.35 1.35 1.35 1.35 1.35 1.35 1.35 1.35 1.35 1.35 1.35 1.35 1.35 1.35 1.35 1.35 1.35 1.35 1.35 1.35 1.35 1.35 1.35 1.35 1.35 1.35 1.35 1.35 1.35 1.35 1.35 1.35 1.35 1.35 1.35 1.35 1.35 1.35 1.35 1.35 1.35 1.35 1.35 1.35 1.35 1.35 1.35 1.35 1.35 1.35 1.35 1.35 1.35 1.35 1.35 1.35 1.35 1.35 1.35 1.35 1.35 1.35 1.35 1.35 1.35 1.35 1.35 1.35 1.35 1.35 1.35 1.35 1.35 1.35 1.35 1.35 1.35 1.35 1.35 1.35 1.35 1.35 1.35 1.35 1.35 1.35 1.35 1.35 1.35 1.35 1.35 1.35 
1.35 1.35 1.35 1.35 1.35 1.35 1.35 1.35 1.35 1.35 1.35 1.35 1.35 1.35 1.35 1.35 1.35 1.35 1.35 1.35 1.35 1.35 1.35 1.35 1.35 1.35 1.35 1.35 1.35 1.35 1.35 16.1116.1116.1116.1116.1116.1116.1116.1116.1116.1116.1116.1116.1116.1116.1116.1116.1116.1116.1116.1116.1116.1116.11
1.35 1.35 1.35 1.35 1.35 1.35 1.35 1.35 1.35 1.35 1.35 1.35 1.35 1.35 1.35 1.35 1.35 1.35 1.35 1.35 1.35 1.35 1.35 1.35 1.35 1.35 1.35 1.35 1.35 1.35 1.35 1.35 1.35 1.35 1.35 1.35 1.35 1.35 1.35 1.35 1.35 1.35 1.35 1.35 1.35 1.35 1.35 1.35 1.35 1.35 1.35 1.35 1.35 1.35 1.35 1.35 1.35 1.35 1.35 1.35 1.35 1.35 1.35 1.35 1.35 1.35 1.35 1.35 1.35 1.35 1.35 1.35 1.35 1.35 1.35 1.35 1.35 1.35 1.35 1.35 1.35 1.35 1.35 1.35 1.35 1.35 1.35 1.35 1.35 1.35 1.35 1.35 1.35 1.35 1.35 1.35 1.35 1.35 1.35 1.35 
1.35 1.35 1.35 1.35 1.35 1.35 1.35 1.35 1.35 1.35 1.35 1.35 1.35 1.35 1.35 1.35 1.35 1.35 1.35 1.35 1.35 1.35 1.35 1.35 1.35 1.35 1.35 1.35 1.35 1.35 1.35 16.1116.1116.1116.1116.1116.1116.1116.1116.1116.1116.1116.1116.1116.1116.1116.1116.1116.1116.1116.1116.1116.1116.11
1.35 1.35 1.35 1.35 1.35 1.35 1.35 1.35 1.35 1.35 1.35 1.35 1.35 1.35 1.35 1.35 1.35 1.35 1.35 1.35 1.35 1.35 1.35 1.35 1.35 1.35 1.35 1.35 1.35 1.35 1.35 1.35 1.35 1.35 1.35 1.35 1.35 1.35 1.35 1.35 1.35 1.35 1.35 1.35 1.35 1.35 1.35 1.35 1.35 1.35 1.35 1.35 1.35 1.35 1.35 1.35 1.35 1.35 1.35 1.35 1.35 1.35 1.35 1.35 1.35 1.35 1.35 1.35 1.35 1.35 1.35 1.35 1.35 1.35 1.35 1.35 1.35 1.35 1.35 1.35 1.35 1.35 1.35 1.35 1.35 1.35 1.35 1.35 1.35 1.35 1.35 1.35 1.35 1.35 1.35 1.35 1.35 1.35 1.35 1.35 
1.35 1.35 1.35 1.35 1.35 1.35 1.35 1.35 1.35 1.35 1.35 1.35 1.35 1.35 1.35 1.35 1.35 1.35 1.35 1.35 1.35 1.35 1.35 1.35 1.35 1.35 1.35 1.35 1.35 1.35 1.35 16.1116.1116.1116.1116.1116.1116.1116.1116.1116.1116.1116.1116.1116.1116.1116.1116.1116.1116.1116.1116.1116.1116.11
1.35 1.35 1.35 1.35 1.35 1.35 1.35 1.35 1.35 1.35 1.35 1.35 1.35 1.35 1.35 1.35 1.35 1.35 1.35 1.35 1.35 1.35 1.35 1.35 1.35 1.35 1.35 1.35 1.35 1.35 1.35 1.35 1.35 1.35 1.35 1.35 1.35 1.35 1.35 1.35 1.35 1.35 1.35 1.35 1.35 1.35 1.35 1.35 1.35 1.35 1.35 1.35 1.35 1.35 1.35 1.35 1.35 1.35 1.35 1.35 1.35 1.35 1.35 1.35 1.35 1.35 1.35 1.35 1.35 1.35 1.35 1.35 1.35 1.35 1.35 1.35 1.35 1.35 1.35 1.35 1.35 1.35 1.35 1.35 1.35 1.35 1.35 1.35 1.35 1.35 1.35 1.35 1.35 1.35 1.35 1.35 1.35 1.35 1.35 1.35 
1.35 1.35 1.35 1.35 1.35 1.35 1.35 1.35 1.35 1.35 1.35 1.35 1.35 1.35 1.35 1.35 1.35 1.35 1.35 1.35 1.35 1.35 1.35 1.35 1.35 1.35 1.35 1.35 1.35 1.35 1.35 16.1116.1116.1116.1116.1116.1116.1116.1116.1116.1116.1116.1116.1116.1116.1116.1116.1116.1116.1116.1116.1116.1116.11
1.35 1.35 1.35 1.35 1.35 1.35 1.35 1.35 1.35 1.35 1.35 1.35 1.35 1.35 1.35 1.35 1.35 1.35 1.35 1.35 1.35 1.35 1.35 1.35 1.35 1.35 1.35 1.35 1.35 1.35 1.35 1.35 1.35 1.35 1.35 1.35 1.35 1.35 1.35 1.35 1.35 1.35 1.35 1.35 1.35 1.35 1.35 1.35 1.35 1.35 1.35 1.35 1.35 1.35 1.35 1.35 1.35 1.35 1.35 1.35 1.35 1.35 1.35 1.35 1.35 1.35 1.35 1.35 1.35 1.35 1.35 1.35 1.35 1.35 1.35 1.35 1.35 1.35 1.35 1.35 1.35 1.35 1.35 1.35 1.35 1.35 1.35 1.35 1.35 1.35 1.35 1.35 1.35 1.35 1.35 1.35 1.35 1.35 1.35 1.35 
1.35 1.35 1.35 1.35 1.35 1.35 1.35 1.35 1.35 1.35 1.35 1.35 1.35 1.35 1.35 1.35 1.35 1.35 1.35 1.35 1.35 1.35 1.35 1.35 1.35 1.35 1.35 1.35 1.35 1.35 1.35 16.1116.1116.1116.1116.1116.1116.1116.1116.1116.1116.1116.1116.1116.1116.1116.1116.1116.1116.1116.1116.1116.1116.11
1.35 1.35 1.35 1.35 1.35 1.35 1.35 1.35 1.35 1.35 1.35 1.35 1.35 1.35 1.35 1.35 1.35 1.35 1.35 1.35 1.35 1.35 1.35 1.35 1.35 1.35 1.35 1.35 1.35 1.35 1.35 1.35 1.35 1.35 1.35 1.35 1.35 1.35 1.35 1.35 1.35 1.35 1.35 1.35 1.35 1.35 1.35 1.35 1.35 1.35 1.35 1.35 1.35 1.35 1.35 1.35 1.35 1.35 1.35 1.35 1.35 1.35 1.35 1.35 1.35 1.35 1.35 1.35 1.35 1.35 1.35 1.35 1.35 1.35 1.35 1.35 1.35 1.35 1.35 1.35 1.35 1.35 1.35 1.35 1.35 1.35 1.35 1.35 1.35 1.35 1.35 1.35 1.35 1.35 1.35 1.35 1.35 1.35 1.35 1.35 
1.35 1.35 1.35 1.35 1.35 1.35 1.35 1.35 1.35 1.35 1.35 1.35 1.35 1.35 1.35 1.35 1.35 1.35 1.35 1.35 1.35 1.35 1.35 1.35 1.35 1.35 1.35 1.35 1.35 1.35 1.35 16.1116.1116.1116.1116.1116.1116.1116.1116.1116.1116.1116.1116.1116.1116.1116.1116.1116.1116.1116.1116.1116.1116.11
1.35 1.35 1.35 1.35 1.35 1.35 1.35 1.35 1.35 1.35 1.35 1.35 1.35 1.35 1.35 1.35 1.35 1.35 1.35 1.35 1.35 1.35 1.35 1.35 1.35 1.35 1.35 1.35 1.35 1.35 1.35 1.35 1.35 1.35 1.35 1.35 1.35 1.35 1.35 1.35 1.35 1.35 1.35 1.35 1.35 1.35 1.35 1.35 1.35 1.35 1.35 1.35 1.35 1.35 1.35 1.35 1.35 1.35 1.35 1.35 1.35 1.35 1.35 1.35 1.35 1.35 1.35 1.35 1.35 1.35 1.35 1.35 1.35 1.35 1.35 1.35 1.35 1.35 1.35 1.35 1.35 1.35 1.35 1.35 1.35 1.35 1.35 1.35 1.35 1.35 1.35 1.35 1.35 1.35 1.35 1.35 1.35 1.35 1.35 1.35 
1.35 1.35 1.35 1.35 1.35 1.35 1.35 1.35 1.35 1.35 1.35 1.35 1.35 1.35 1.35 1.35 1.35 1.35 1.35 1.35 1.35 1.35 1.35 1.35 1.35 1.35 1.35 1.35 1.35 1.35 1.35 16.1116.1116.1116.1116.1116.1116.1116.1116.1116.1116.1116.1116.1116.1116.1116.1116.1116.1116.1116.1116.1116.1116.11
1.35 1.35 1.35 1.35 1.35 1.35 1.35 1.35 1.35 1.35 1.35 1.35 1.35 1.35 1.35 1.35 1.35 1.35 1.35 1.35 1.35 1.35 1.35 1.35 1.35 1.35 1.35 1.35 1.35 1.35 1.35 1.35 1.35 1.35 1.35 1.35 1.35 1.35 1.35 1.35 1.35 1.35 1.35 1.35 1.35 1.35 1.35 1.35 1.35 1.35 1.35 1.35 1.35 1.35 1.35 1.35 1.35 1.35 1.35 1.35 1.35 1.35 1.35 1.35 1.35 1.35 1.35 1.35 1.35 1.35 1.35 1.35 1.35 1.35 1.35 1.35 1.35 1.35 1.35 1.35 1.35 1.35 1.35 1.35 1.35 1.35 1.35 1.35 1.35 1.35 1.35 1.35 1.35 1.35 1.35 1.35 1.35 1.35 1.35 1.35 
1.35 1.35 1.35 1.35 1.35 1.35 1.35 1.35 1.35 1.35 1.35 1.35 1.35 1.35 1.35 1.35 1.35 1.35 1.35 1.35 1.35 1.35 1.35 1.35 1.35 1.35 1.35 1.35 1.35 1.35 1.35 16.1116.1116.1116.1116.1116.1116.1116.1116.1116.1116.1116.1116.1116.1116.1116.1116.1116.1116.1116.1116.1116.1116.11
1.35 1.35 1.35 1.35 1.35 1.35 1.35 1.35 1.35 1.35 1.35 1.35 1.35 1.35 1.35 1.35 1.35 1.35 1.35 1.35 1.35 1.35 1.35 1.35 1.35 1.35 1.35 1.35 1.35 1.35 1.35 1.35 1.35 1.35 1.35 1.35 1.35 1.35 1.35 1.35 1.35 1.35 1.35 1.35 1.35 1.35 1.35 1.35 1.35 1.35 1.35 1.35 1.35 1.35 1.35 1.35 1.35 1.35 1.35 1.35 1.35 1.35 1.35 1.35 1.35 1.35 1.35 1.35 1.35 1.35 1.35 1.35 1.35 1.35 1.35 1.35 1.35 1.35 1.35 1.35 1.35 1.35 1.35 1.35 1.35 1.35 1.35 1.35 1.35 1.35 1.35 1.35 1.35 1.35 1.35 1.35 1.35 1.35 1.35 1.35 
1.35 1.35 1.35 1.35 1.35 1.35 1.35 1.35 1.35 1.35 1.35 1.35 1.35 1.35 1.35 1.35 1.35 1.35 1.35 1.35 1.35 1.35 1.35 1.35 1.35 1.35 1.35 1.35 1.35 1.35 1.35 16.1116.1116.1116.1116.1116.1116.1116.1116.1116.1116.1116.1116.1116.1116.1116.1116.1116.1116.1116.1116.1116.1116.11
1.35 1.35 1.35 1.35 1.35 1.35 1.35 1.35 1.35 1.35 1.35 1.35 1.35 1.35 1.35 1.35 1.35 1.35 1.35 1.35 1.35 1.35 1.35 1.35 1.35 1.35 1.35 1.35 1.35 1.35 1.35 1.35 1.35 1.35 1.35 1.35 1.35 1.35 1.35 1.35 1.35 1.35 1.35 1.35 1.35 1.35 1.35 1.35 1.35 1.35 1.35 1.35 1.35 1.35 1.35 1.35 1.35 1.35 1.35 1.35 1.35 1.35 1.35 1.35 1.35 1.35 1.35 1.35 1.35 1.35 1.35 1.35 1.35 1.35 1.35 1.35 1.35 1.35 1.35 1.35 1.35 1.35 1.35 1.35 1.35 1.35 1.35 1.35 1.35 1.35 1.35 1.35 1.35 1.35 1.35 1.35 1.35 1.35 1.35 1.35 
1.35 1.35 1.35 1.35 1.35 1.35 1.35 1.35 1.35 1.35 1.35 1.35 1.35 1.35 1.35 1.35 1.35 1.35 1.35 1.35 1.35 1.35 1.35 1.35 1.35 1.35 1.35 1.35 1.35 1.35 1.35 16.1116.1116.1116.1116.1116.1116.1116.1116.1116.1116.1116.1116.1116.1116.1116.1116.1116.1116.1116.1116.1116.1116.11
1.35 1.35 1.35 1.35 1.35 1.35 1.35 1.35 1.35 1.35 1.35 1.35 1.35 1.35 1.35 1.35 1.35 1.35 1.35 1.35 1.35 1.35 1.35 1.35 1.35 1.35 1.35 1.35 1.35 1.35 1.35 1.35 1.35 1.35 1.35 1.35 1.35 1.35 1.35 1.35 1.35 1.35 1.35 1.35 1.35 1.35 1.35 1.35 1.35 1.35 1.35 1.35 1.35 1.35 1.35 1.35 1.35 1.35 1.35 1.35 1.35 1.35 1.35 1.35 1.35 1.35 1.35 1.35 1.35 1.35 1.35 1.35 1.35 1.35 1.35 1.35 1.35 1.35 1.35 1.35 1.35 1.35 1.35 1.35 1.35 1.35 1.35 1.35 1.35 1.35 1.35 1.35 1.35 1.35 1.35 1.35 1.35 1.35 1.35 1.35 
1.35 1.35 1.35 1.35 1.35 1.35 1.35 1.35 1.35 1.35 1.35 1.35 1.35 1.35 1.35 1.35 1.35 1.35 1.35 1.35 1.35 1.35 1.35 1.35 1.35 1.35 1.35 1.35 1.35 1.35 1.35 16.1116.1116.1116.1116.1116.1116.1116.1116.1116.1116.1116.1116.1116.1116.1116.1116.1116.1116.1116.1116.1116.1116.11
1.35 1.35 1.35 1.35 1.35 1.35 1.35 1.35 1.35 1.35 1.35 1.35 1.35 1.35 1.35 1.35 1.35 1.35 1.35 1.35 1.35 1.35 1.35 1.35 1.35 1.35 1.35 1.35 1.35 1.35 1.35 1.35 1.35 1.35 1.35 1.35 1.35 1.35 1.35 1.35 1.35 1.35 1.35 1.35 1.35 1.35 1.35 1.35 1.35 1.35 1.35 1.35 1.35 1.35 1.35 1.35 1.35 1.35 1.35 1.35 1.35 1.35 1.35 1.35 1.35 1.35 1.35 1.35 1.35 1.35 1.35 1.35 1.35 1.35 1.35 1.35 1.35 1.35 1.35 1.35 1.35 1.35 1.35 1.35 1.35 1.35 1.35 1.35 1.35 1.35 1.35 1.35 1.35 1.35 1.35 1.35 1.35 1.35 1.35 1.35 
1.35 1.35 1.35 1.35 1.35 1.35 1.35 1.35 1.35 1.35 1.35 1.35 1.35 1.35 1.35 1.35 1.35 1.35 1.35 1.35 1.35 1.35 1.35 1.35 1.35 1.35 1.35 1.35 1.35 1.35 1.35 16.1116.1116.1116.1116.1116.1116.1116.1116.1116.1116.1116.1116.1116.1116.1116.1116.1116.1116.1116.1116.1116.1116.11
1.35 1.35 1.35 1.35 1.35 1.35 1.35 1.35 1.35 1.35 1.35 1.35 1.35 1.35 1.35 1.35 1.35 1.35 1.35 1.35 1.35 1.35 1.35 1.35 1.35 1.35 1.35 1.35 1.35 1.35 1.35 1.35 1.35 1.35 1.35 1.35 1.35 1.35 1.35 1.35 1.35 1.35 1.35 1.35 1.35 1.35 1.35 1.35 1.35 1.35 1.35 1.35 1.35 1.35 1.35 1.35 1.35 1.35 1.35 1.35 1.35 1.35 1.35 1.35 1.35 1.35 1.35 1.35 1.35 1.35 1.35 1.35 1.35 1.35 1.35 1.35 1.35 1.35 1.35 1.35 1.35 1.35 1.35 1.35 1.35 1.35 1.35 1.35 1.35 1.35 1.35 1.35 1.35 1.35 1.35 1.35 1.35 1.35 1.35 1.35 
1.35 1.35 1.35 1.35 1.35 1.35 1.35 1.35 1.35 1.35 1.35 1.35 1.35 1.35 1.35 1.35 1.35 1.35 1.35 1.35 1.35 1.35 1.35 1.35 1.35 1.35 1.35 1.35 1.35 1.35 1.35 16.1116.1116.1116.1116.1116.1116.1116.1116.1116.1116.1116.1116.1116.1116.1116.1116.1116.1116.1116.1116.1116.1116.11
1.35 1.35 1.35 1.35 1.35 1.35 1.35 1.35 1.35 1.35 1.35 1.35 1.35 1.35 1.35 1.35 1.35 1.35 1.35 1.35 1.35 1.35 1.35 1.35 1.35 1.35 1.35 1.35 1.35 1.35 1.35 1.35 1.35 1.35 1.35 1.35 1.35 1.35 1.35 1.35 1.35 1.35 1.35 1.35 1.35 1.35 1.35 1.35 1.35 1.35 1.35 1.35 1.35 1.35 1.35 1.35 1.35 1.35 1.35 1.35 1.35 1.35 1.35 1.35 1.35 1.35 1.35 1.35 1.35 1.35 1.35 1.35 1.35 1.35 1.35 1.35 1.35 1.35 1.35 1.35 1.35 1.35 1.35 1.35 1.35 1.35 1.35 1.35 1.35 1.35 1.35 1.35 1.35 1.35 1.35 1.35 1.35 1.35 1.35 1.35 
1.35 1.35 1.35 1.35 1.35 1.35 1.35 1.35 1.35 1.35 1.35 1.35 1.35 1.35 1.35 1.35 1.35 1.35 1.35 1.35 1.35 1.35 1.35 1.35 1.35 1.35 1.35 1.35 1.35 1.35 1.35 16.1116.1116.1116.1116.1116.1116.1116.1116.1116.1116.1116.1116.1116.1116.1116.1116.1116.1116.1116.1116.1116.1116.11
1.35 1.35 1.35 1.35 1.35 1.35 1.35 1.35 1.35 1.35 1.35 1.35 1.35 1.35 1.35 1.35 1.35 1.35 1.35 1.35 1.35 1.35 1.35 1.35 1.35 1.35 1.35 1.35 1.35 1.35 1.35 1.35 1.35 1.35 1.35 1.35 1.35 1.35 1.35 1.35 1.35 1.35 1.35 1.35 1.35 1.35 1.35 1.35 1.35 1.35 1.35 1.35 1.35 1.35 1.35 1.35 1.35 1.35 1.35 1.35 1.35 1.35 1.35 1.35 1.35 1.35 1.35 1.35 1.35 1.35 1.35 1.35 1.35 1.35 1.35 1.35 1.35 1.35 1.35 1.35 1.35 1.35 1.35 1.35 1.35 1.35 1.35 1.35 1.35 1.35 1.35 1.35 1.35 1.35 1.35 1.35 1.35 1.35 1.35 1.35 
1.35 1.35 1.35 1.35 1.35 1.35 1.35 1.35 1.35 1.35 1.35 1.35 1.35 1.35 1.35 1.35 1.35 1.35 1.35 1.35 1.35 1.35 1.35 1.35 1.35 1.35 1.35 1.35 1.35 1.35 1.35 16.1116.1116.1116.1116.1116.1116.1116.1116.1116.1116.1116.1116.1116.1116.1116.1116.1116.1116.1116.1116.1116.1116.11
1.35 1.35 1.35 1.35 1.35 1.35 1.35 1.35 1.35 1.35 1.35 1.35 1.35 1.35 1.35 1.35 1.35 1.35 1.35 1.35 1.35 1.35 1.35 1.35 1.35 1.35 1.35 1.35 1.35 1.35 1.35 1.35 1.35 1.35 1.35 1.35 1.35 1.35 1.35 1.35 1.35 1.35 1.35 1.35 1.35 1.35 1.35 1.35 1.35 1.35 1.35 1.35 1.35 1.35 1.35 1.35 1.35 1.35 1.35 1.35 1.35 1.35 1.35 1.35 1.35 1.35 1.35 1.35 1.35 1.35 1.35 1.35 1.35 1.35 1.35 1.35 1.35 1.35 1.35 1.35 1.35 1.35 1.35 1.35 1.35 1.35 1.35 1.35 1.35 1.35 1.35 1.35 1.35 1.35 1.35 1.35 1.35 1.35 1.35 1.35 
1.35 1.35 1.35 1.35 1.35 1.35 1.35 1.35 1.35 1.35 1.35 1.35 1.35 1.35 1.35 1.35 1.35 1.35 1.35 1.35 1.35 1.35 1.35 1.35 1.35 1.35 1.35 1.35 1.35 1.35 1.35 16.1116.1116.1116.1116.1116.1116.1116.1116.1116.1116.1116.1116.1116.1116.1116.1116.1116.1116.1116.1116.1116.1116.11
1.35 1.35 1.35 1.35 1.35 1.35 1.35 1.35 1.35 1.35 1.35 1.35 1.35 1.35 1.35 1.35 1.35 1.35 1.35 1.35 1.35 1.35 1.35 1.35 1.35 1.35 1.35 1.35 1.35 1.35 1.35 1.35 1.35 1.35 1.35 1.35 1.35 1.35 1.35 1.35 1.35 1.35 1.35 1.35 1.35 1.35 1.35 1.35 1.35 1.35 1.35 1.35 1.35 1.35 1.35 1.35 1.35 1.35 1.35 1.35 1.35 1.35 1.35 1.35 1.35 1.35 1.35 1.35 1.35 1.35 1.35 1.35 1.35 1.35 1.35 1.35 1.35 1.35 1.35 1.35 1.35 1.35 1.35 1.35 1.35 1.35 1.35 1.35 1.35 1.35 1.35 1.35 1.35 1.35 1.35 1.35 1.35 1.35 1.35 1.35 
1.35 1.35 1.35 1.35 1.35 1.35 1.35 1.35 1.35 1.35 1.35 1.35 1.35 1.35 1.35 1.35 1.35 1.35 1.35 1.35 1.35 1.35 1.35 1.35 1.35 1.35 1.35 1.35 1.35 1.35 1.35 16.1116.1116.1116.1116.1116.1116.1116.1116.1116.1116.1116.1116.1116.1116.1116.1116.1116.1116.1116.1116.1116.1116.11
1.35 1.35 1.35 1.35 1.35 1.35 1.35 1.35 1.35 1.35 1.35 1.35 1.35 1.35 1.35 1.35 1.35 1.35 1.35 1.35 1.35 1.35 1.35 1.35 1.35 1.35 1.35 1.35 1.35 1.35 1.35 1.35 1.35 1.35 1.35 1.35 1.35 1.35 1.35 1.35 1.35 1.35 1.35 1.35 1.35 1.35 1.35 1.35 1.35 1.35 1.35 1.35 1.35 1.35 1.35 1.35 1.35 1.35 1.35 1.35 1.35 1.35 1.35 1.35 1.35 1.35 1.35 1.35 1.35 1.35 1.35 1.35 1.35 1.35 1.35 1.35 1.35 1.35 1.35 1.35 1.35 1.35 1.35 1.35 1.35 1.35 1.35 1.35 1.35 1.35 1.35 1.35 1.35 1.35 1.35 1.35 1.35 1.35 1.35 1.35 
1.35 1.35 1.35 1.35 1.35 1.35 1.35 1.35 1.35 1.35 1.35 1.35 1.35 1.35 1.35 1.35 1.35 1.35 1.35 1.35 1.35 1.35 1.35 1.35 1.35 1.35 1.35 1.35 1.35 1.35 1.35 16.1116.1116.1116.1116.1116.1116.1116.1116.1116.1116.1116.1116.1116.1116.1116.1116.1116.1116.1116.1116.1116.1116.11
1.35 1.35 1.35 1.35 1.35 1.35 1.35 1.35 1.35 1.35 1.35 1.35 1.35 1.35 1.35 1.35 1.35 1.35 1.35 1.35 1.35 1.35 1.35 1.35 1.35 1.35 1.35 1.35 1.35 1.35 1.35 1.35 1.35 1.35 1.35 1.35 1.35 1.35 1.35 1.35 1.35 1.35 1.35 1.35 1.35 1.35 1.35 1.35 1.35 1.35 1.35 1.35 1.35 1.35 1.35 1.35 1.35 1.35 1.35 1.35 1.35 1.35 1.35 1.35 1.35 1.35 1.35 1.35 1.35 1.35 1.35 1.35 1.35 1.35 1.35 1.35 1.35 1.35 1.35 1.35 1.35 1.35 1.35 1.35 1.35 1.35 1.35 1.35 1.35 1.35 1.35 1.35 1.35 1.35 1.35 1.35 1.35 1.35 1.35 1.35 
1.35 1.35 1.35 1.35 1.35 1.35 1.35 1.35 1.35 1.35 1.35 1.35 1.35 1.35 1.35 1.35 1.35 1.35 1.35 1.35 1.35 1.35 1.35 1.35 1.35 1.35 1.35 1.35 1.35 1.35 1.35 16.1116.1116.1116.1116.1116.1116.1116.1116.1116.1116.1116.1116.1116.1116.1116.1116.1116.1116.1116.1116.1116.1116.11
1.35 1.35 1.35 1.35 1.35 1.35 1.35 1.35 1.35 1.35 1.35 1.35 1.35 1.35 1.35 1.35 1.35 1.35 1.35 1.35 1.35 1.35 1.35 1.35 1.35 1.35 1.35 1.35 1.35 1.35 1.35 1.35 1.35 1.35 1.35 1.35 1.35 1.35 1.35 1.35 1.35 1.35 1.35 1.35 1.35 1.35 1.35 1.35 1.35 1.35 1.35 1.35 1.35 1.35 1.35 1.35 1.35 1.35 1.35 1.35 1.35 1.35 1.35 1.35 1.35 1.35 1.35 1.35 1.35 1.35 1.35 1.35 1.35 1.35 1.35 1.35 1.35 1.35 1.35 1.35 1.35 1.35 1.35 1.35 1.35 1.35 1.35 1.35 1.35 1.35 1.35 1.35 1.35 1.35 1.35 1.35 1.35 1.35 1.35 1.35 
1.35 1.35 1.35 1.35 1.35 1.35 1.35 1.35 1.35 1.35 1.35 1.35 1.35 1.35 1.35 1.35 1.35 1.35 1.35 1.35 1.35 1.35 1.35 1.35 1.35 1.35 1.35 1.35 1.35 1.35 1.35 16.1116.1116.1116.1116.1116.1116.1116.1116.1116.1116.1116.1116.1116.1116.1116.1116.1116.1116.1116.1116.1116.1116.11
1.35 1.35 1.35 1.35 1.35 1.35 1.35 1.35 1.35 1.35 1.35 1.35 1.35 1.35 1.35 1.35 1.35 1.35 1.35 1.35 1.35 1.35 1.35 1.35 1.35 1.35 1.35 1.35 1.35 1.35 1.35 1.35 1.35 1.35 1.35 1.35 1.35 1.35 1.35 1.35 1.35 1.35 1.35 1.35 1.35 1.35 1.35 1.35 1.35 1.35 1.35 1.35 1.35 1.35 1.35 1.35 1.35 1.35 1.35 1.35 1.35 1.35 1.35 1.35 1.35 1.35 1.35 1.35 1.35 1.35 1.35 1.35 1.35 1.35 1.35 1.35 1.35 1.35 1.35 1.35 1.35 1.35 1.35 1.35 1.35 1.35 1.35 1.35 1.35 1.35 1.35 1.35 1.35 1.35 1.35 1.35 1.35 1.35 1.35 1.35 
1.35 1.35 1.35 1.35 1.35 1.35 1.35 1.35 1.35 1.35 1.35 1.35 1.35 1.35 1.35 1.35 1.35 1.35 1.35 1.35 1.35 1.35 1.35 1.35 1.35 1.35 1.35 1.35 1.35 1.35 1.35 16.1116.1116.1116.1116.1116.1116.1116.1116.1116.1116.1116.1116.1116.1116.1116.1116.1116.1116.1116.1116.1116.1116.11
1.35 1.35 1.35 1.35 1.35 1.35 1.35 1.35 1.35 1.35 1.35 1.35 1.35 1.35 1.35 1.35 1.35 1.35 1.35 1.35 1.35 1.35 1.35 1.35 1.35 1.35 1.35 1.35 1.35 1.35 1.35 1.35 1.35 1.35 1.35 1.35 1.35 1.35 1.35 1.35 1.35 1.35 1.35 1.35 1.35 1.35 1.35 1.35 1.35 1.35 1.35 1.35 1.35 1.35 1.35 1.35 1.35 1.35 1.35 1.35 1.35 1.35 1.35 1.35 1.35 1.35 1.35 1.35 1.35 1.35 1.35 1.35 1.35 1.35 1.35 1.35 1.35 1.35 1.35 1.35 1.35 1.35 1.35 1.35 1.35 1.35 1.35 1.35 1.35 1.35 1.35 1.35 1.35 1.35 1.35 1.35 1.35 1.35 1.35 1.35 
1.35 1.35 1.35 1.35 1.35 1.35 1.35 1.35 1.35 1.35 1.35 1.35 1.35 1.35 1.35 1.35 1.35 1.35 1.35 1.35 1.35 1.35 1.35 1.35 1.35 1.35 1.35 1.35 1.35 1.35 1.35 16.1116.1116.1116.1116.1116.1116.1116.1116.1116.1116.1116.1116.1116.1116.1116.1116.1116.1116.1116.1116.1116.1116.11
1.35 1.35 1.35 1.35 1.35 1.35 1.35 1.35 1.35 1.35 1.35 1.35 1.35 1.35 1.35 1.35 1.35 1.35 1.35 1.35 1.35 1.35 1.35 1.35 1.35 1.35 1.35 1.35 1.35 1.35 1.35 1.35 1.35 1.35 1.35 1.35 1.35 1.35 1.35 1.35 1.35 1.35 1.35 1.35 1.35 1.35 1.35 1.35 1.35 1.35 1.35 1.35 1.35 1.35 1.35 1.35 1.35 1.35 1.35 1.35 1.35 1.35 1.35 1.35 1.35 1.35 1.35 1.35 1.35 1.35 1.35 1.35 1.35 1.35 1.35 1.35 1.35 1.35 1.35 1.35 1.35 1.35 1.35 1.35 1.35 1.35 1.35 1.35 1.35 1.35 1.35 1.35 1.35 1.35 1.35 1.35 1.35 1.35 1.35 1.35 
1.35 1.35 1.35 1.35 1.35 1.35 1.35 1.35 1.35 1.35 1.35 1.35 1.35 1.35 1.35 1.35 1.35 1.35 1.35 1.35 1.35 1.35 1.35 1.35 1.35 1.35 1.35 1.35 1.35 1.35 1.35 16.1116.1116.1116.1116.1116.1116.1116.1116.1116.1116.1116.1116.1116.1116.1116.1116.1116.1116.1116.1116.1116.1116.11
1.35 1.35 1.35 1.35 1.35 1.35 1.35 1.35 1.35 1.35 1.35 1.35 1.35 1.35 1.35 1.35 1.35 1.35 1.35 1.35 1.35 1.35 1.35 1.35 1.35 1.35 1.35 1.35 1.35 1.35 1.35 1.35 1.35 1.35 1.35 1.35 1.35 1.35 1.35 1.35 1.35 1.35 1.35 1.35 1.35 1.35 1.35 1.35 1.35 1.35 1.35 1.35 1.35 1.35 1.35 1.35 1.35 1.35 1.35 1.35 1.35 1.35 1.35 1.35 1.35 1.35 1.35 1.35 1.35 1.35 1.35 1.35 1.35 1.35 1.35 1.35 1.35 16.1116.1116.1116.1116.1116.1116.1116.1116.1116.1116.1116.1116.1116.1116.1116.1116.1116.1116.1116.1116.1116.1116.11
16.1116.1116.1116.1116.1116.1116.1116.1116.1116.1116.1116.1116.1116.1116.1116.1116.1116.1116.1116.1116.1116.1116.1116.1116.1116.1116.1116.1116.1116.1116.1116.1116.1116.1116.1116.1116.1116.1116.1116.1116.1116.1116.1116.1116.1116.1116.1116.1116.1116.1116.1116.1116.1116.11
1.35 1.35 1.35 1.35 1.35 1.35 1.35 1.35 1.35 1.35 1.35 1.35 1.35 1.35 1.35 1.35 1.35 1.35 1.35 1.35 1.35 1.35 1.35 1.35 1.35 1.35 1.35 1.35 1.35 1.35 1.35 1.35 1.35 1.35 1.35 1.35 1.35 1.35 1.35 1.35 1.35 1.35 1.35 1.35 1.35 1.35 1.35 1.35 1.35 1.35 1.35 1.35 1.35 1.35 1.35 1.35 1.35 1.35 1.35 1.35 1.35 1.35 1.35 1.35 1.35 1.35 1.35 1.35 1.35 1.35 1.35 1.35 1.35 1.35 1.35 1.35 1.35 16.1116.1116.1116.1116.1116.1116.1116.1116.1116.1116.1116.1116.1116.1116.1116.1116.1116.1116.1116.1116.1116.1116.11
16.1116.1116.1116.1116.1116.1116.1116.1116.1116.1116.1116.1116.1116.1116.1116.1116.1116.1116.1116.1116.1116.1116.1116.1116.1116.1116.1116.1116.1116.1116.1116.1116.1116.1116.1116.1116.1116.1116.1116.1116.1116.1116.1116.1116.1116.1116.1116.1116.1116.1116.1116.1116.1116.11
1.35 1.35 1.35 1.35 1.35 1.35 1.35 1.35 1.35 1.35 1.35 1.35 1.35 1.35 1.35 1.35 1.35 1.35 1.35 1.35 1.35 1.35 1.35 1.35 1.35 1.35 1.35 1.35 1.35 1.35 1.35 1.35 1.35 1.35 1.35 1.35 1.35 1.35 1.35 1.35 1.35 1.35 1.35 1.35 1.35 1.35 1.35 1.35 1.35 1.35 1.35 1.35 1.35 1.35 1.35 1.35 1.35 1.35 1.35 1.35 1.35 1.35 1.35 1.35 1.35 1.35 1.35 1.35 1.35 1.35 1.35 1.35 1.35 1.35 1.35 1.35 1.35 16.1116.1116.1116.1116.1116.1116.1116.1116.1116.1116.1116.1116.1116.1116.1116.1116.1116.1116.1116.1116.1116.1116.11
16.1116.1116.1116.1116.1116.1116.1116.1116.1116.1116.1116.1116.1116.1116.1116.1116.1116.1116.1116.1116.1116.1116.1116.1116.1116.1116.1116.1116.1116.1116.1116.1116.1116.1116.1116.1116.1116.1116.1116.1116.1116.1116.1116.1116.1116.1116.1116.1116.1116.1116.1116.1116.1116.11
1.35 1.35 1.35 1.35 1.35 1.35 1.35 1.35 1.35 1.35 1.35 1.35 1.35 1.35 1.35 1.35 1.35 1.35 1.35 1.35 1.35 1.35 1.35 1.35 1.35 1.35 1.35 1.35 1.35 1.35 1.35 1.35 1.35 1.35 1.35 1.35 1.35 1.35 1.35 1.35 1.35 1.35 1.35 1.35 1.35 1.35 1.35 1.35 1.35 1.35 1.35 1.35 1.35 1.35 1.35 1.35 1.35 1.35 1.35 1.35 1.35 1.35 1.35 1.35 1.35 1.35 1.35 1.35 1.35 1.35 1.35 1.35 1.35 1.35 1.35 1.35 1.35 16.1116.1116.1116.1116.1116.1116.1116.1116.1116.1116.1116.1116.1116.1116.1116.1116.1116.1116.1116.1116.1116.1116.11
16.1116.1116.1116.1116.1116.1116.1116.1116.1116.1116.1116.1116.1116.1116.1116.1116.1116.1116.1116.1116.1116.1116.1116.1116.1116.1116.1116.1116.1116.1116.1116.1116.1116.1116.1116.1116.1116.1116.1116.1116.1116.1116.1116.1116.1116.1116.1116.1116.1116.1116.1116.1116.1116.11
1.35 1.35 1.35 1.35 1.35 1.35 1.35 1.35 1.35 1.35 1.35 1.35 1.35 1.35 1.35 1.35 1.35 1.35 1.35 1.35 1.35 1.35 1.35 1.35 1.35 1.35 1.35 1.35 1.35 1.35 1.35 1.35 1.35 1.35 1.35 1.35 1.35 1.35 1.35 1.35 1.35 1.35 1.35 1.35 1.35 1.35 1.35 1.35 1.35 1.35 1.35 1.35 1.35 1.35 1.35 1.35 1.35 1.35 1.35 1.35 1.35 1.35 1.35 1.35 1.35 1.35 1.35 1.35 1.35 1.35 1.35 1.35 1.35 1.35 1.35 1.35 1.35 16.1116.1116.1116.1116.1116.1116.1116.1116.1116.1116.1116.1116.1116.1116.1116.1116.1116.1116.1116.1116.1116.1116.11
16.1116.1116.1116.1116.1116.1116.1116.1116.1116.1116.1116.1116.1116.1116.1116.1116.1116.1116.1116.1116.1116.1116.1116.1116.1116.1116.1116.1116.1116.1116.1116.1116.1116.1116.1116.1116.1116.1116.1116.1116.1116.1116.1116.1116.1116.1116.1116.1116.1116.1116.1116.1116.1116.11
1.35 1.35 1.35 1.35 1.35 1.35 1.35 1.35 1.35 1.35 1.35 1.35 1.35 1.35 1.35 1.35 1.35 1.35 1.35 1.35 1.35 1.35 1.35 1.35 1.35 1.35 1.35 1.35 1.35 1.35 1.35 1.35 1.35 1.35 1.35 1.35 1.35 1.35 1.35 1.35 1.35 1.35 1.35 1.35 1.35 1.35 1.35 1.35 1.35 1.35 1.35 1.35 1.35 1.35 1.35 1.35 1.35 1.35 1.35 1.35 1.35 1.35 1.35 1.35 1.35 1.35 1.35 1.35 1.35 1.35 1.35 1.35 1.35 1.35 1.35 1.35 1.35 16.1116.1116.1116.1116.1116.1116.1116.1116.1116.1116.1116.1116.1116.1116.1116.1116.1116.1116.1116.1116.1116.1116.11
16.1116.1116.1116.1116.1116.1116.1116.1116.1116.1116.1116.1116.1116.1116.1116.1116.1116.1116.1116.1116.1116.1116.1116.1116.1116.1116.1116.1116.1116.1116.1116.1116.1116.1116.1116.1116.1116.1116.1116.1116.1116.1116.1116.1116.1116.1116.1116.1116.1116.1116.1116.1116.1116.11
1.35 1.35 1.35 1.35 1.35 1.35 1.35 1.35 1.35 1.35 1.35 1.35 1.35 1.35 1.35 1.35 1.35 1.35 1.35 1.35 1.35 1.35 1.35 1.35 1.35 1.35 1.35 1.35 1.35 1.35 1.35 1.35 1.35 1.35 1.35 1.35 1.35 1.35 1.35 1.35 1.35 1.35 1.35 1.35 1.35 1.35 1.35 1.35 1.35 1.35 1.35 1.35 1.35 1.35 1.35 1.35 1.35 1.35 1.35 1.35 1.35 1.35 1.35 1.35 1.35 1.35 1.35 1.35 1.35 1.35 1.35 1.35 1.35 1.35 1.35 1.35 1.35 16.1116.1116.1116.1116.1116.1116.1116.1116.1116.1116.1116.1116.1116.1116.1116.1116.1116.1116.1116.1116.1116.1116.11
16.1116.1116.1116.1116.1116.1116.1116.1116.1116.1116.1116.1116.1116.1116.1116.1116.1116.1116.1116.1116.1116.1116.1116.1116.1116.1116.1116.1116.1116.1116.1116.1116.1116.1116.1116.1116.1116.1116.1116.1116.1116.1116.1116.1116.1116.1116.1116.1116.1116.1116.1116.1116.1116.11
1.35 1.35 1.35 1.35 1.35 1.35 1.35 1.35 1.35 1.35 1.35 1.35 1.35 1.35 1.35 1.35 1.35 1.35 1.35 1.35 1.35 1.35 1.35 1.35 1.35 1.35 1.35 1.35 1.35 1.35 1.35 1.35 1.35 1.35 1.35 1.35 1.35 1.35 1.35 1.35 1.35 1.35 1.35 1.35 1.35 1.35 1.35 1.35 1.35 1.35 1.35 1.35 1.35 1.35 1.35 1.35 1.35 1.35 1.35 1.35 1.35 1.35 1.35 1.35 1.35 1.35 1.35 1.35 1.35 1.35 1.35 1.35 1.35 1.35 1.35 1.35 1.35 16.1116.1116.1116.1116.1116.1116.1116.1116.1116.1116.1116.1116.1116.1116.1116.1116.1116.1116.1116.1116.1116.1116.11
16.1116.1116.1116.1116.1116.1116.1116.1116.1116.1116.1116.1116.1116.1116.1116.1116.1116.1116.1116.1116.1116.1116.1116.1116.1116.1116.1116.1116.1116.1116.1116.1116.1116.1116.1116.1116.1116.1116.1116.1116.1116.1116.1116.1116.1116.1116.1116.1116.1116.1116.1116.1116.1116.11
1.35 1.35 1.35 1.35 1.35 1.35 1.35 1.35 1.35 1.35 1.35 1.35 1.35 1.35 1.35 1.35 1.35 1.35 1.35 1.35 1.35 1.35 1.35 1.35 1.35 1.35 1.35 1.35 1.35 1.35 1.35 1.35 1.35 1.35 1.35 1.35 1.35 1.35 1.35 1.35 1.35 1.35 1.35 1.35 1.35 1.35 1.35 1.35 1.35 1.35 1.35 1.35 1.35 1.35 1.35 1.35 1.35 1.35 1.35 1.35 1.35 1.35 1.35 1.35 1.35 1.35 1.35 1.35 1.35 1.35 1.35 1.35 1.35 1.35 1.35 1.35 1.35 16.1116.1116.1116.1116.1116.1116.1116.1116.1116.1116.1116.1116.1116.1116.1116.1116.1116.1116.1116.1116.1116.1116.11
16.1116.1116.1116.1116.1116.1116.1116.1116.1116.1116.1116.1116.1116.1116.1116.1116.1116.1116.1116.1116.1116.1116.1116.1116.1116.1116.1116.1116.1116.1116.1116.1116.1116.1116.1116.1116.1116.1116.1116.1116.1116.1116.1116.1116.1116.1116.1116.1116.1116.1116.1116.1116.1116.11
1.35 1.35 1.35 1.35 1.35 1.35 1.35 1.35 1.35 1.35 1.35 1.35 1.35 1.35 1.35 1.35 1.35 1.35 1.35 1.35 1.35 1.35 1.35 1.35 1.35 1.35 1.35 1.35 1.35 1.35 1.35 1.35 1.35 1.35 1.35 1.35 1.35 1.35 1.35 1.35 1.35 1.35 1.35 1.35 1.35 1.35 1.35 1.35 1.35 1.35 1.35 1.35 1.35 1.35 1.35 1.35 1.35 1.35 1.35 1.35 1.35 1.35 1.35 1.35 1.35 1.35 1.35 1.35 1.35 1.35 1.35 1.35 1.35 1.35 1.35 1.35 1.35 16.1116.1116.1116.1116.1116.1116.1116.1116.1116.1116.1116.1116.1116.1116.1116.1116.1116.1116.1116.1116.1116.1116.11
16.1116.1116.1116.1116.1116.1116.1116.1116.1116.1116.1116.1116.1116.1116.1116.1116.1116.1116.1116.1116.1116.1116.1116.1116.1116.1116.1116.1116.1116.1116.1116.1116.1116.1116.1116.1116.1116.1116.1116.1116.1116.1116.1116.1116.1116.1116.1116.1116.1116.1116.1116.1116.1116.11
1.35 1.35 1.35 1.35 1.35 1.35 1.35 1.35 1.35 1.35 1.35 1.35 1.35 1.35 1.35 1.35 1.35 1.35 1.35 1.35 1.35 1.35 1.35 1.35 1.35 1.35 1.35 1.35 1.35 1.35 1.35 1.35 1.35 1.35 1.35 1.35 1.35 1.35 1.35 1.35 1.35 1.35 1.35 1.35 1.35 1.35 1.35 1.35 1.35 1.35 1.35 1.35 1.35 1.35 1.35 1.35 1.35 1.35 1.35 1.35 1.35 1.35 1.35 1.35 1.35 1.35 1.35 1.35 1.35 1.35 1.35 1.35 1.35 1.35 1.35 1.35 1.35 16.1116.1116.1116.1116.1116.1116.1116.1116.1116.1116.1116.1116.1116.1116.1116.1116.1116.1116.1116.1116.1116.1116.11
16.1116.1116.1116.1116.1116.1116.1116.1116.1116.1116.1116.1116.1116.1116.1116.1116.1116.1116.1116.1116.1116.1116.1116.1116.1116.1116.1116.1116.1116.1116.1116.1116.1116.1116.1116.1116.1116.1116.1116.1116.1116.1116.1116.1116.1116.1116.1116.1116.1116.1116.1116.1116.1116.11
1.35 1.35 1.35 1.35 1.35 1.35 1.35 1.35 1.35 1.35 1.35 1.35 1.35 1.35 1.35 1.35 1.35 1.35 1.35 1.35 1.35 1.35 1.35 1.35 1.35 1.35 1.35 1.35 1.35 1.35 1.35 1.35 1.35 1.35 1.35 1.35 1.35 1.35 1.35 1.35 1.35 1.35 1.35 1.35 1.35 1.35 1.35 1.35 1.35 1.35 1.35 1.35 1.35 1.35 1.35 1.35 1.35 1.35 1.35 1.35 1.35 1.35 1.35 1.35 1.35 1.35 1.35 1.35 1.35 1.35 1.35 1.35 1.35 1.35 1.35 1.35 1.35 16.1116.1116.1116.1116.1116.1116.1116.1116.1116.1116.1116.1116.1116.1116.1116.1116.1116.1116.1116.1116.1116.1116.11
16.1116.1116.1116.1116.1116.1116.1116.1116.1116.1116.1116.1116.1116.1116.1116.1116.1116.1116.1116.1116.1116.1116.1116.1116.1116.1116.1116.1116.1116.1116.1116.1116.1116.1116.1116.1116.1116.1116.1116.1116.1116.1116.1116.1116.1116.1116.1116.1116.1116.1116.1116.1116.1116.11
1.35 1.35 1.35 1.35 1.35 1.35 1.35 1.35 1.35 1.35 1.35 1.35 1.35 1.35 1.35 1.35 1.35 1.35 1.35 1.35 1.35 1.35 1.35 1.35 1.35 1.35 1.35 1.35 1.35 1.35 1.35 1.35 1.35 1.35 1.35 1.35 1.35 1.35 1.35 1.35 1.35 1.35 1.35 1.35 1.35 1.35 1.35 1.35 1.35 1.35 1.35 1.35 1.35 1.35 1.35 1.35 1.35 1.35 1.35 1.35 1.35 1.35 1.35 1.35 1.35 1.35 1.35 1.35 1.35 1.35 1.35 1.35 1.35 1.35 1.35 1.35 1.35 16.1116.1116.1116.1116.1116.1116.1116.1116.1116.1116.1116.1116.1116.1116.1116.1116.1116.1116.1116.1116.1116.1116.11
16.1116.1116.1116.1116.1116.1116.1116.1116.1116.1116.1116.1116.1116.1116.1116.1116.1116.1116.1116.1116.1116.1116.1116.1116.1116.1116.1116.1116.1116.1116.1116.1116.1116.1116.1116.1116.1116.1116.1116.1116.1116.1116.1116.1116.1116.1116.1116.1116.1116.1116.1116.1116.1116.11
1.35 1.35 1.35 1.35 1.35 1.35 1.35 1.35 1.35 1.35 1.35 1.35 1.35 1.35 1.35 1.35 1.35 1.35 1.35 1.35 1.35 1.35 1.35 1.35 1.35 1.35 1.35 1.35 1.35 1.35 1.35 1.35 1.35 1.35 1.35 1.35 1.35 1.35 1.35 1.35 1.35 1.35 1.35 1.35 1.35 1.35 1.35 1.35 1.35 1.35 1.35 1.35 1.35 1.35 1.35 1.35 1.35 1.35 1.35 1.35 1.35 1.35 1.35 1.35 1.35 1.35 1.35 1.35 1.35 1.35 1.35 1.35 1.35 1.35 1.35 1.35 1.35 16.1116.1116.1116.1116.1116.1116.1116.1116.1116.1116.1116.1116.1116.1116.1116.1116.1116.1116.1116.1116.1116.1116.11
16.1116.1116.1116.1116.1116.1116.1116.1116.1116.1116.1116.1116.1116.1116.1116.1116.1116.1116.1116.1116.1116.1116.1116.1116.1116.1116.1116.1116.1116.1116.1116.1116.1116.1116.1116.1116.1116.1116.1116.1116.1116.1116.1116.1116.1116.1116.1116.1116.1116.1116.1116.1116.1116.11
1.35 1.35 1.35 1.35 1.35 1.35 1.35 1.35 1.35 1.35 1.35 1.35 1.35 1.35 1.35 1.35 1.35 1.35 1.35 1.35 1.35 1.35 1.35 1.35 1.35 1.35 1.35 1.35 1.35 1.35 1.35 1.35 1.35 1.35 1.35 1.35 1.35 1.35 1.35 1.35 1.35 1.35 1.35 1.35 1.35 1.35 1.35 1.35 1.35 1.35 1.35 1.35 1.35 1.35 1.35 1.35 1.35 1.35 1.35 1.35 1.35 1.35 1.35 1.35 1.35 1.35 1.35 1.35 1.35 1.35 1.35 1.35 1.35 1.35 1.35 1.35 1.35 16.1116.1116.1116.1116.1116.1116.1116.1116.1116.1116.1116.1116.1116.1116.1116.1116.1116.1116.1116.1116.1116.1116.11
16.1116.1116.1116.1116.1116.1116.1116.1116.1116.1116.1116.1116.1116.1116.1116.1116.1116.1116.1116.1116.1116.1116.1116.1116.1116.1116.1116.1116.1116.1116.1116.1116.1116.1116.1116.1116.1116.1116.1116.1116.1116.1116.1116.1116.1116.1116.1116.1116.1116.1116.1116.1116.1116.11
1.35 1.35 1.35 1.35 1.35 1.35 1.35 1.35 1.35 1.35 1.35 1.35 1.35 1.35 1.35 1.35 1.35 1.35 1.35 1.35 1.35 1.35 1.35 1.35 1.35 1.35 1.35 1.35 1.35 1.35 1.35 1.35 1.35 1.35 1.35 1.35 1.35 1.35 1.35 1.35 1.35 1.35 1.35 1.35 1.35 1.35 1.35 1.35 1.35 1.35 1.35 1.35 1.35 1.35 1.35 1.35 1.35 1.35 1.35 1.35 1.35 1.35 1.35 1.35 1.35 1.35 1.35 1.35 1.35 1.35 1.35 1.35 1.35 1.35 1.35 1.35 1.35 16.1116.1116.1116.1116.1116.1116.1116.1116.1116.1116.1116.1116.1116.1116.1116.1116.1116.1116.1116.1116.1116.1116.11
16.1116.1116.1116.1116.1116.1116.1116.1116.1116.1116.1116.1116.1116.1116.1116.1116.1116.1116.1116.1116.1116.1116.1116.1116.1116.1116.1116.1116.1116.1116.1116.1116.1116.1116.1116.1116.1116.1116.1116.1116.1116.1116.1116.1116.1116.1116.1116.1116.1116.1116.1116.1116.1116.11
1.35 1.35 1.35 1.35 1.35 1.35 1.35 1.35 1.35 1.35 1.35 1.35 1.35 1.35 1.35 1.35 1.35 1.35 1.35 1.35 1.35 1.35 1.35 1.35 1.35 1.35 1.35 1.35 1.35 1.35 1.35 1.35 1.35 1.35 1.35 1.35 1.35 1.35 1.35 1.35 1.35 1.35 1.35 1.35 1.35 1.35 1.35 1.35 1.35 1.35 1.35 1.35 1.35 1.35 1.35 1.35 1.35 1.35 1.35 1.35 1.35 1.35 1.35 1.35 1.35 1.35 1.35 1.35 1.35 1.35 1.35 1.35 1.35 1.35 1.35 1.35 1.35 16.1116.1116.1116.1116.1116.1116.1116.1116.1116.1116.1116.1116.1116.1116.1116.1116.1116.1116.1116.1116.1116.1116.11
16.1116.1116.1116.1116.1116.1116.1116.1116.1116.1116.1116.1116.1116.1116.1116.1116.1116.1116.1116.1116.1116.1116.1116.1116.1116.1116.1116.1116.1116.1116.1116.1116.1116.1116.1116.1116.1116.1116.1116.1116.1116.1116.1116.1116.1116.1116.1116.1116.1116.1116.1116.1116.1116.11
1.35 1.35 1.35 1.35 1.35 1.35 1.35 1.35 1.35 1.35 1.35 1.35 1.35 1.35 1.35 1.35 1.35 1.35 1.35 1.35 1.35 1.35 1.35 1.35 1.35 1.35 1.35 1.35 1.35 1.35 1.35 1.35 1.35 1.35 1.35 1.35 1.35 1.35 1.35 1.35 1.35 1.35 1.35 1.35 1.35 1.35 1.35 1.35 1.35 1.35 1.35 1.35 1.35 1.35 1.35 1.35 1.35 1.35 1.35 1.35 1.35 1.35 1.35 1.35 1.35 1.35 1.35 1.35 1.35 1.35 1.35 1.35 1.35 1.35 1.35 1.35 1.35 16.1116.1116.1116.1116.1116.1116.1116.1116.1116.1116.1116.1116.1116.1116.1116.1116.1116.1116.1116.1116.1116.1116.11
16.1116.1116.1116.1116.1116.1116.1116.1116.1116.1116.1116.1116.1116.1116.1116.1116.1116.1116.1116.1116.1116.1116.1116.1116.1116.1116.1116.1116.1116.1116.1116.1116.1116.1116.1116.1116.1116.1116.1116.1116.1116.1116.1116.1116.1116.1116.1116.1116.1116.1116.1116.1116.1116.11
1.35 1.35 1.35 1.35 1.35 1.35 1.35 1.35 1.35 1.35 1.35 1.35 1.35 1.35 1.35 1.35 1.35 1.35 1.35 1.35 1.35 1.35 1.35 1.35 1.35 1.35 1.35 1.35 1.35 1.35 1.35 1.35 1.35 1.35 1.35 1.35 1.35 1.35 1.35 1.35 1.35 1.35 1.35 1.35 1.35 1.35 1.35 1.35 1.35 1.35 1.35 1.35 1.35 1.35 1.35 1.35 1.35 1.35 1.35 1.35 1.35 1.35 1.35 1.35 1.35 1.35 1.35 1.35 1.35 1.35 1.35 1.35 1.35 1.35 1.35 1.35 1.35 16.1116.1116.1116.1116.1116.1116.1116.1116.1116.1116.1116.1116.1116.1116.1116.1116.1116.1116.1116.1116.1116.1116.11
16.1116.1116.1116.1116.1116.1116.1116.1116.1116.1116.1116.1116.1116.1116.1116.1116.1116.1116.1116.1116.1116.1116.1116.1116.1116.1116.1116.1116.1116.1116.1116.1116.1116.1116.1116.1116.1116.1116.1116.1116.1116.1116.1116.1116.1116.1116.1116.1116.1116.1116.1116.1116.1116.11
1.35 1.35 1.35 1.35 1.35 1.35 1.35 1.35 1.35 1.35 1.35 1.35 1.35 1.35 1.35 1.35 1.35 1.35 1.35 1.35 1.35 1.35 1.35 1.35 1.35 1.35 1.35 1.35 1.35 1.35 1.35 1.35 1.35 1.35 1.35 1.35 1.35 1.35 1.35 1.35 1.35 1.35 1.35 1.35 1.35 1.35 1.35 1.35 1.35 1.35 1.35 1.35 1.35 1.35 1.35 1.35 1.35 1.35 1.35 1.35 1.35 1.35 1.35 1.35 1.35 1.35 1.35 1.35 1.35 1.35 1.35 1.35 1.35 1.35 1.35 1.35 1.35 16.1116.1116.1116.1116.1116.1116.1116.1116.1116.1116.1116.1116.1116.1116.1116.1116.1116.1116.1116.1116.1116.1116.11
16.1116.1116.1116.1116.1116.1116.1116.1116.1116.1116.1116.1116.1116.1116.1116.1116.1116.1116.1116.1116.1116.1116.1116.1116.1116.1116.1116.1116.1116.1116.1116.1116.1116.1116.1116.1116.1116.1116.1116.1116.1116.1116.1116.1116.1116.1116.1116.1116.1116.1116.1116.1116.1116.11
1.35 1.35 1.35 1.35 1.35 1.35 1.35 1.35 1.35 1.35 1.35 1.35 1.35 1.35 1.35 1.35 1.35 1.35 1.35 1.35 1.35 1.35 1.35 1.35 1.35 1.35 1.35 1.35 1.35 1.35 1.35 1.35 1.35 1.35 1.35 1.35 1.35 1.35 1.35 1.35 1.35 1.35 1.35 1.35 1.35 1.35 1.35 1.35 1.35 1.35 1.35 1.35 1.35 1.35 1.35 1.35 1.35 1.35 1.35 1.35 1.35 1.35 1.35 1.35 1.35 1.35 1.35 1.35 1.35 1.35 1.35 1.35 1.35 1.35 1.35 1.35 1.35 16.1116.1116.1116.1116.1116.1116.1116.1116.1116.1116.1116.1116.1116.1116.1116.1116.1116.1116.1116.1116.1116.1116.11
16.1116.1116.1116.1116.1116.1116.1116.1116.1116.1116.1116.1116.1116.1116.1116.1116.1116.1116.1116.1116.1116.1116.1116.1116.1116.1116.1116.1116.1116.1116.1116.1116.1116.1116.1116.1116.1116.1116.1116.1116.1116.1116.1116.1116.1116.1116.1116.1116.1116.1116.1116.1116.1116.11
1.35 1.35 1.35 1.35 1.35 1.35 1.35 1.35 1.35 1.35 1.35 1.35 1.35 1.35 1.35 1.35 1.35 1.35 1.35 1.35 1.35 1.35 1.35 1.35 1.35 1.35 1.35 1.35 1.35 1.35 1.35 1.35 1.35 1.35 1.35 1.35 1.35 1.35 1.35 1.35 1.35 1.35 1.35 1.35 1.35 1.35 1.35 1.35 1.35 1.35 1.35 1.35 1.35 1.35 1.35 1.35 1.35 1.35 1.35 1.35 1.35 1.35 1.35 1.35 1.35 1.35 1.35 1.35 1.35 1.35 1.35 1.35 1.35 1.35 1.35 1.35 1.35 16.1116.1116.1116.1116.1116.1116.1116.1116.1116.1116.1116.1116.1116.1116.1116.1116.1116.1116.1116.1116.1116.1116.11
16.1116.1116.1116.1116.1116.1116.1116.1116.1116.1116.1116.1116.1116.1116.1116.1116.1116.1116.1116.1116.1116.1116.1116.1116.1116.1116.1116.1116.1116.1116.1116.1116.1116.1116.1116.1116.1116.1116.1116.1116.1116.1116.1116.1116.1116.1116.1116.1116.1116.1116.1116.1116.1116.11
1.35 1.35 1.35 1.35 1.35 1.35 1.35 1.35 1.35 1.35 1.35 1.35 1.35 1.35 1.35 1.35 1.35 1.35 1.35 1.35 1.35 1.35 1.35 1.35 1.35 1.35 1.35 1.35 1.35 1.35 1.35 1.35 1.35 1.35 1.35 1.35 1.35 1.35 1.35 1.35 1.35 1.35 1.35 1.35 1.35 1.35 1.35 1.35 1.35 1.35 1.35 1.35 1.35 1.35 1.35 1.35 1.35 1.35 1.35 1.35 1.35 1.35 1.35 1.35 1.35 1.35 1.35 1.35 1.35 1.35 1.35 1.35 1.35 1.35 1.35 1.35 1.35 16.1116.1116.1116.1116.1116.1116.1116.1116.1116.1116.1116.1116.1116.1116.1116.1116.1116.1116.1116.1116.1116.1116.11
16.1116.1116.1116.1116.1116.1116.1116.1116.1116.1116.1116.1116.1116.1116.1116.1116.1116.1116.1116.1116.1116.1116.1116.1116.1116.1116.1116.1116.1116.1116.1116.1116.1116.1116.1116.1116.1116.1116.1116.1116.1116.1116.1116.1116.1116.1116.1116.1116.1116.1116.1116.1116.1116.11
1.35 1.35 1.35 1.35 1.35 1.35 1.35 1.35 1.35 1.35 1.35 1.35 1.35 1.35 1.35 1.35 1.35 1.35 1.35 1.35 1.35 1.35 1.35 1.35 1.35 1.35 1.35 1.35 1.35 1.35 1.35 1.35 1.35 1.35 1.35 1.35 1.35 1.35 1.35 1.35 1.35 1.35 1.35 1.35 1.35 1.35 1.35 1.35 1.35 1.35 1.35 1.35 1.35 1.35 1.35 1.35 1.35 1.35 1.35 1.35 1.35 1.35 1.35 1.35 1.35 1.35 1.35 1.35 1.35 1.35 1.35 1.35 1.35 1.35 1.35 1.35 1.35 16.1116.1116.1116.1116.1116.1116.1116.1116.1116.1116.1116.1116.1116.1116.1116.1116.1116.1116.1116.1116.1116.1116.11
16.1116.1116.1116.1116.1116.1116.1116.1116.1116.1116.1116.1116.1116.1116.1116.1116.1116.1116.1116.1116.1116.1116.1116.1116.1116.1116.1116.1116.1116.1116.1116.1116.1116.1116.1116.1116.1116.1116.1116.1116.1116.1116.1116.1116.1116.1116.1116.1116.1116.1116.1116.1116.1116.11
1.35 1.35 1.35 1.35 1.35 1.35 1.35 1.35 1.35 1.35 1.35 1.35 1.35 1.35 1.35 1.35 1.35 1.35 1.35 1.35 1.35 1.35 1.35 1.35 1.35 1.35 1.35 1.35 1.35 1.35 1.35 1.35 1.35 1.35 1.35 1.35 1.35 1.35 1.35 1.35 1.35 1.35 1.35 1.35 1.35 1.35 1.35 1.35 1.35 1.35 1.35 1.35 1.35 1.35 1.35 1.35 1.35 1.35 1.35 1.35 1.35 1.35 1.35 1.35 1.35 1.35 1.35 1.35 1.35 1.35 1.35 1.35 1.35 1.35 1.35 1.35 1.35 16.1116.1116.1116.1116.1116.1116.1116.1116.1116.1116.1116.1116.1116.1116.1116.1116.1116.1116.1116.1116.1116.1116.11
16.1116.1116.1116.1116.1116.1116.1116.1116.1116.1116.1116.1116.1116.1116.1116.1116.1116.1116.1116.1116.1116.1116.1116.1116.1116.1116.1116.1116.1116.1116.1116.1116.1116.1116.1116.1116.1116.1116.1116.1116.1116.1116.1116.1116.1116.1116.1116.1116.1116.1116.1116.1116.1116.11
1.35 1.35 1.35 1.35 1.35 1.35 1.35 1.35 1.35 1.35 1.35 1.35 1.35 1.35 1.35 1.35 1.35 1.35 1.35 1.35 1.35 1.35 1.35 1.35 1.35 1.35 1.35 1.35 1.35 1.35 1.35 1.35 1.35 1.35 1.35 1.35 1.35 1.35 1.35 1.35 1.35 1.35 1.35 1.35 1.35 1.35 1.35 1.35 1.35 1.35 1.35 1.35 1.35 1.35 1.35 1.35 1.35 1.35 1.35 1.35 1.35 1.35 1.35 1.35 1.35 1.35 1.35 1.35 1.35 1.35 1.35 1.35 1.35 1.35 1.35 1.35 1.35 16.1116.1116.1116.1116.1116.1116.1116.1116.1116.1116.1116.1116.1116.1116.1116.1116.1116.1116.1116.1116.1116.1116.11
16.1116.1116.1116.1116.1116.1116.1116.1116.1116.1116.1116.1116.1116.1116.1116.1116.1116.1116.1116.1116.1116.1116.1116.1116.1116.1116.1116.1116.1116.1116.1116.1116.1116.1116.1116.1116.1116.1116.1116.1116.1116.1116.1116.1116.1116.1116.1116.1116.1116.1116.1116.1116.1116.11
1.35 1.35 1.35 1.35 1.35 1.35 1.35 1.35 1.35 1.35 1.35 1.35 1.35 1.35 1.35 1.35 1.35 1.35 1.35 1.35 1.35 1.35 1.35 1.35 1.35 1.35 1.35 1.35 1.35 1.35 1.35 1.35 1.35 1.35 1.35 1.35 1.35 1.35 1.35 1.35 1.35 1.35 1.35 1.35 1.35 1.35 1.35 1.35 1.35 1.35 1.35 1.35 1.35 1.35 1.35 1.35 1.35 1.35 1.35 1.35 1.35 1.35 1.35 1.35 1.35 1.35 1.35 1.35 1.35 1.35 1.35 1.35 1.35 1.35 1.35 1.35 1.35 16.1116.1116.1116.1116.1116.1116.1116.1116.1116.1116.1116.1116.1116.1116.1116.1116.1116.1116.1116.1116.1116.1116.11
16.1116.1116.1116.1116.1116.1116.1116.1116.1116.1116.1116.1116.1116.1116.1116.1116.1116.1116.1116.1116.1116.1116.1116.1116.1116.1116.1116.1116.1116.1116.1116.1116.1116.1116.1116.1116.1116.1116.1116.1116.1116.1116.1116.1116.1116.1116.1116.1116.1116.1116.1116.1116.1116.11
1.35 1.35 1.35 1.35 1.35 1.35 1.35 1.35 1.35 1.35 1.35 1.35 1.35 1.35 1.35 1.35 1.35 1.35 1.35 1.35 1.35 1.35 1.35 1.35 1.35 1.35 1.35 1.35 1.35 1.35 1.35 1.35 1.35 1.35 1.35 1.35 1.35 1.35 1.35 1.35 1.35 1.35 1.35 1.35 1.35 1.35 1.35 1.35 1.35 1.35 1.35 1.35 1.35 1.35 1.35 1.35 1.35 1.35 1.35 1.35 1.35 1.35 1.35 1.35 1.35 1.35 1.35 1.35 1.35 1.35 1.35 1.35 1.35 1.35 1.35 1.35 1.35 16.1116.1116.1116.1116.1116.1116.1116.1116.1116.1116.1116.1116.1116.1116.1116.1116.1116.1116.1116.1116.1116.1116.11
16.1116.1116.1116.1116.1116.1116.1116.1116.1116.1116.1116.1116.1116.1116.1116.1116.1116.1116.1116.1116.1116.1116.1116.1116.1116.1116.1116.1116.1116.1116.1116.1116.1116.1116.1116.1116.1116.1116.1116.1116.1116.1116.1116.1116.1116.1116.1116.1116.1116.1116.1116.1116.1116.11
1.35 1.35 1.35 1.35 1.35 1.35 1.35 1.35 1.35 1.35 1.35 1.35 1.35 1.35 1.35 1.35 1.35 1.35 1.35 1.35 1.35 1.35 1.35 1.35 1.35 1.35 1.35 1.35 1.35 1.35 1.35 1.35 1.35 1.35 1.35 1.35 1.35 1.35 1.35 1.35 1.35 1.35 1.35 1.35 1.35 1.35 1.35 1.35 1.35 1.35 1.35 1.35 1.35 1.35 1.35 1.35 1.35 1.35 1.35 1.35 1.35 1.35 1.35 1.35 1.35 1.35 1.35 1.35 1.35 1.35 1.35 1.35 1.35 1.35 1.35 1.35 1.35 16.1116.1116.1116.1116.1116.1116.1116.1116.1116.1116.1116.1116.1116.1116.1116.1116.1116.1116.1116.1116.1116.1116.11
16.1116.1116.1116.1116.1116.1116.1116.1116.1116.1116.1116.1116.1116.1116.1116.1116.1116.1116.1116.1116.1116.1116.1116.1116.1116.1116.1116.1116.1116.1116.1116.1116.1116.1116.1116.1116.1116.1116.1116.1116.1116.1116.1116.1116.1116.1116.1116.1116.1116.1116.1116.1116.1116.11
1.35 1.35 1.35 1.35 1.35 1.35 1.35 1.35 1.35 1.35 1.35 1.35 1.35 1.35 1.35 1.35 1.35 1.35 1.35 1.35 1.35 1.35 1.35 1.35 1.35 1.35 1.35 1.35 1.35 1.35 1.35 1.35 1.35 1.35 1.35 1.35 1.35 1.35 1.35 1.35 1.35 1.35 1.35 1.35 1.35 1.35 1.35 1.35 1.35 1.35 1.35 1.35 1.35 1.35 1.35 1.35 1.35 1.35 1.35 1.35 1.35 1.35 1.35 1.35 1.35 1.35 1.35 1.35 1.35 1.35 1.35 1.35 1.35 1.35 1.35 1.35 1.35 16.1116.1116.1116.1116.1116.1116.1116.1116.1116.1116.1116.1116.1116.1116.1116.1116.1116.1116.1116.1116.1116.1116.11
16.1116.1116.1116.1116.1116.1116.1116.1116.1116.1116.1116.1116.1116.1116.1116.1116.1116.1116.1116.1116.1116.1116.1116.1116.1116.1116.1116.1116.1116.1116.1116.1116.1116.1116.1116.1116.1116.1116.1116.1116.1116.1116.1116.1116.1116.1116.1116.1116.1116.1116.1116.1116.1116.11
1.35 1.35 1.35 1.35 1.35 1.35 1.35 1.35 1.35 1.35 1.35 1.35 1.35 1.35 1.35 1.35 1.35 1.35 1.35 1.35 1.35 1.35 1.35 1.35 1.35 1.35 1.35 1.35 1.35 1.35 1.35 1.35 1.35 1.35 1.35 1.35 1.35 1.35 1.35 1.35 1.35 1.35 1.35 1.35 1.35 1.35 1.35 1.35 1.35 1.35 1.35 1.35 1.35 1.35 1.35 1.35 1.35 1.35 1.35 1.35 1.35 1.35 1.35 1.35 1.35 1.35 1.35 1.35 1.35 1.35 1.35 1.35 1.35 1.35 1.35 1.35 1.35 16.1116.1116.1116.1116.1116.1116.1116.1116.1116.1116.1116.1116.1116.1116.1116.1116.1116.1116.1116.1116.1116.1116.11
16.1116.1116.1116.1116.1116.1116.1116.1116.1116.1116.1116.1116.1116.1116.1116.1116.1116.1116.1116.1116.1116.1116.1116.1116.1116.1116.1116.1116.1116.1116.1116.1116.1116.1116.1116.1116.1116.1116.1116.1116.1116.1116.1116.1116.1116.1116.1116.1116.1116.1116.1116.1116.1116.11
1.35 1.35 1.35 1.35 1.35 1.35 1.35 1.35 1.35 1.35 1.35 1.35 1.35 1.35 1.35 1.35 1.35 1.35 1.35 1.35 1.35 1.35 1.35 1.35 1.35 1.35 1.35 1.35 1.35 1.35 1.35 1.35 1.35 1.35 1.35 1.35 1.35 1.35 1.35 1.35 1.35 1.35 1.35 1.35 1.35 1.35 1.35 1.35 1.35 1.35 1.35 1.35 1.35 1.35 1.35 1.35 1.35 1.35 1.35 1.35 1.35 1.35 1.35 1.35 1.35 1.35 1.35 1.35 1.35 1.35 1.35 1.35 1.35 1.35 1.35 1.35 1.35 16.1116.1116.1116.1116.1116.1116.1116.1116.1116.1116.1116.1116.1116.1116.1116.1116.1116.1116.1116.1116.1116.1116.11
16.1116.1116.1116.1116.1116.1116.1116.1116.1116.1116.1116.1116.1116.1116.1116.1116.1116.1116.1116.1116.1116.1116.1116.1116.1116.1116.1116.1116.1116.1116.1116.1116.1116.1116.1116.1116.1116.1116.1116.1116.1116.1116.1116.1116.1116.1116.1116.1116.1116.1116.1116.1116.1116.11
1.35 1.35 1.35 1.35 1.35 1.35 1.35 1.35 1.35 1.35 1.35 1.35 1.35 1.35 1.35 1.35 1.35 1.35 1.35 1.35 1.35 1.35 1.35 1.35 1.35 1.35 1.35 1.35 1.35 1.35 1.35 1.35 1.35 1.35 1.35 1.35 1.35 1.35 1.35 1.35 1.35 1.35 1.35 1.35 1.35 1.35 1.35 1.35 1.35 1.35 1.35 1.35 1.35 1.35 1.35 1.35 1.35 1.35 1.35 1.35 1.35 1.35 1.35 1.35 1.35 1.35 1.35 1.35 1.35 1.35 1.35 1.35 1.35 1.35 1.35 1.35 1.35 16.1116.1116.1116.1116.1116.1116.1116.1116.1116.1116.1116.1116.1116.1116.1116.1116.1116.1116.1116.1116.1116.1116.11
16.1116.1116.1116.1116.1116.1116.1116.1116.1116.1116.1116.1116.1116.1116.1116.1116.1116.1116.1116.1116.1116.1116.1116.1116.1116.1116.1116.1116.1116.1116.1116.1116.1116.1116.1116.1116.1116.1116.1116.1116.1116.1116.1116.1116.1116.1116.1116.1116.1116.1116.1116.1116.1116.11
1.35 1.35 1.35 1.35 1.35 1.35 1.35 1.35 1.35 1.35 1.35 1.35 1.35 1.35 1.35 1.35 1.35 1.35 1.35 1.35 1.35 1.35 1.35 1.35 1.35 1.35 1.35 1.35 1.35 1.35 1.35 1.35 1.35 1.35 1.35 1.35 1.35 1.35 1.35 1.35 1.35 1.35 1.35 1.35 1.35 1.35 1.35 1.35 1.35 1.35 1.35 1.35 1.35 1.35 1.35 1.35 1.35 1.35 1.35 1.35 1.35 1.35 1.35 1.35 1.35 1.35 1.35 1.35 1.35 1.35 1.35 1.35 1.35 1.35 1.35 1.35 1.35 16.1116.1116.1116.1116.1116.1116.1116.1116.1116.1116.1116.1116.1116.1116.1116.1116.1116.1116.1116.1116.1116.1116.11
16.1116.1116.1116.1116.1116.1116.1116.1116.1116.1116.1116.1116.1116.1116.1116.1116.1116.1116.1116.1116.1116.1116.1116.1116.1116.1116.1116.1116.1116.1116.1116.1116.1116.1116.1116.1116.1116.1116.1116.1116.1116.1116.1116.1116.1116.1116.1116.1116.1116.1116.1116.1116.1116.11
1.35 1.35 1.35 1.35 1.35 1.35 1.35 1.35 1.35 1.35 1.35 1.35 1.35 1.35 1.35 1.35 1.35 1.35 1.35 1.35 1.35 1.35 1.35 1.35 1.35 1.35 1.35 1.35 1.35 1.35 1.35 1.35 1.35 1.35 1.35 1.35 1.35 1.35 1.35 1.35 1.35 1.35 1.35 1.35 1.35 1.35 1.35 1.35 1.35 1.35 1.35 1.35 1.35 1.35 1.35 1.35 1.35 1.35 1.35 1.35 1.35 1.35 1.35 1.35 1.35 1.35 1.35 1.35 1.35 1.35 1.35 1.35 1.35 1.35 1.35 1.35 1.35 16.1116.1116.1116.1116.1116.1116.1116.1116.1116.1116.1116.1116.1116.1116.1116.1116.1116.1116.1116.1116.1116.1116.11
16.1116.1116.1116.1116.1116.1116.1116.1116.1116.1116.1116.1116.1116.1116.1116.1116.1116.1116.1116.1116.1116.1116.1116.1116.1116.1116.1116.1116.1116.1116.1116.1116.1116.1116.1116.1116.1116.1116.1116.1116.1116.1116.1116.1116.1116.1116.1116.1116.1116.1116.1116.1116.1116.11
1.35 1.35 1.35 1.35 1.35 1.35 1.35 1.35 1.35 1.35 1.35 1.35 1.35 1.35 1.35 1.35 1.35 1.35 1.35 1.35 1.35 1.35 1.35 1.35 1.35 1.35 1.35 1.35 1.35 1.35 1.35 1.35 1.35 1.35 1.35 1.35 1.35 1.35 1.35 1.35 1.35 1.35 1.35 1.35 1.35 1.35 1.35 1.35 1.35 1.35 1.35 1.35 1.35 1.35 1.35 1.35 1.35 1.35 1.35 1.35 1.35 1.35 1.35 1.35 1.35 1.35 1.35 1.35 1.35 1.35 1.35 1.35 1.35 1.35 1.35 1.35 1.35 16.1116.1116.1116.1116.1116.1116.1116.1116.1116.1116.1116.1116.1116.1116.1116.1116.1116.1116.1116.1116.1116.1116.11
16.1116.1116.1116.1116.1116.1116.1116.1116.1116.1116.1116.1116.1116.1116.1116.1116.1116.1116.1116.1116.1116.1116.1116.1116.1116.1116.1116.1116.1116.1116.1116.1116.1116.1116.1116.1116.1116.1116.1116.1116.1116.1116.1116.1116.1116.1116.1116.1116.1116.1116.1116.1116.1116.11
1.35 1.35 1.35 1.35 1.35 1.35 1.35 1.35 1.35 1.35 1.35 1.35 1.35 1.35 1.35 1.35 1.35 1.35 1.35 1.35 1.35 1.35 1.35 1.35 1.35 1.35 1.35 1.35 1.35 1.35 1.35 1.35 1.35 1.35 1.35 1.35 1.35 1.35 1.35 1.35 1.35 1.35 1.35 1.35 1.35 1.35 1.35 1.35 1.35 1.35 1.35 1.35 1.35 1.35 1.35 1.35 1.35 1.35 1.35 1.35 1.35 1.35 1.35 1.35 1.35 1.35 1.35 1.35 1.35 1.35 1.35 1.35 1.35 1.35 1.35 1.35 1.35 16.1116.1116.1116.1116.1116.1116.1116.1116.1116.1116.1116.1116.1116.1116.1116.1116.1116.1116.1116.1116.1116.1116.11
16.1116.1116.1116.1116.1116.1116.1116.1116.1116.1116.1116.1116.1116.1116.1116.1116.1116.1116.1116.1116.1116.1116.1116.1116.1116.1116.1116.1116.1116.1116.1116.1116.1116.1116.1116.1116.1116.1116.1116.1116.1116.1116.1116.1116.1116.1116.1116.1116.1116.1116.1116.1116.1116.11
1.35 1.35 1.35 1.35 1.35 1.35 1.35 1.35 1.35 1.35 1.35 1.35 1.35 1.35 1.35 1.35 1.35 1.35 1.35 1.35 1.35 1.35 1.35 1.35 1.35 1.35 1.35 1.35 1.35 1.35 1.35 1.35 1.35 1.35 1.35 1.35 1.35 1.35 1.35 1.35 1.35 1.35 1.35 1.35 1.35 1.35 1.35 1.35 1.35 1.35 1.35 1.35 1.35 1.35 1.35 1.35 1.35 1.35 1.35 1.35 1.35 1.35 1.35 1.35 1.35 1.35 1.35 1.35 1.35 1.35 1.35 1.35 1.35 1.35 1.35 1.35 1.35 16.1116.1116.1116.1116.1116.1116.1116.1116.1116.1116.1116.1116.1116.1116.1116.1116.1116.1116.1116.1116.1116.1116.11
16.1116.1116.1116.1116.1116.1116.1116.1116.1116.1116.1116.1116.1116.1116.1116.1116.1116.1116.1116.1116.1116.1116.1116.1116.1116.1116.1116.1116.1116.1116.1116.1116.1116.1116.1116.1116.1116.1116.1116.1116.1116.1116.1116.1116.1116.1116.1116.1116.1116.1116.1116.1116.1116.11
1.35 1.35 1.35 1.35 1.35 1.35 1.35 1.35 1.35 1.35 1.35 1.35 1.35 1.35 1.35 1.35 1.35 1.35 1.35 1.35 1.35 1.35 1.35 1.35 1.35 1.35 1.35 1.35 1.35 1.35 1.35 1.35 1.35 1.35 1.35 1.35 1.35 1.35 1.35 1.35 1.35 1.35 1.35 1.35 1.35 1.35 1.35 1.35 1.35 1.35 1.35 1.35 1.35 1.35 1.35 1.35 1.35 1.35 1.35 1.35 1.35 1.35 1.35 1.35 1.35 1.35 1.35 1.35 1.35 1.35 1.35 1.35 1.35 1.35 1.35 1.35 1.35 16.1116.1116.1116.1116.1116.1116.1116.1116.1116.1116.1116.1116.1116.1116.1116.1116.1116.1116.1116.1116.1116.1116.11
16.1116.1116.1116.1116.1116.1116.1116.1116.1116.1116.1116.1116.1116.1116.1116.1116.1116.1116.1116.1116.1116.1116.1116.1116.1116.1116.1116.1116.1116.1116.1116.1116.1116.1116.1116.1116.1116.1116.1116.1116.1116.1116.1116.1116.1116.1116.1116.1116.1116.1116.1116.1116.1116.11
1.35 1.35 1.35 1.35 1.35 1.35 1.35 1.35 1.35 1.35 1.35 1.35 1.35 1.35 1.35 1.35 1.35 1.35 1.35 1.35 1.35 1.35 1.35 1.35 1.35 1.35 1.35 1.35 1.35 1.35 1.35 1.35 1.35 1.35 1.35 1.35 1.35 1.35 1.35 1.35 1.35 1.35 1.35 1.35 1.35 1.35 1.35 1.35 1.35 1.35 1.35 1.35 1.35 1.35 1.35 1.35 1.35 1.35 1.35 1.35 1.35 1.35 1.35 1.35 1.35 1.35 1.35 1.35 1.35 1.35 1.35 1.35 1.35 1.35 1.35 1.35 1.35 16.1116.1116.1116.1116.1116.1116.1116.1116.1116.1116.1116.1116.1116.1116.1116.1116.1116.1116.1116.1116.1116.1116.11
16.1116.1116.1116.1116.1116.1116.1116.1116.1116.1116.1116.1116.1116.1116.1116.1116.1116.1116.1116.1116.1116.1116.1116.1116.1116.1116.1116.1116.1116.1116.1116.1116.1116.1116.1116.1116.1116.1116.1116.1116.1116.1116.1116.1116.1116.1116.1116.1116.1116.1116.1116.1116.1116.11
1.35 1.35 1.35 1.35 1.35 1.35 1.35 1.35 1.35 1.35 1.35 1.35 1.35 1.35 1.35 1.35 1.35 1.35 1.35 1.35 1.35 1.35 1.35 1.35 1.35 1.35 1.35 1.35 1.35 1.35 1.35 1.35 1.35 1.35 1.35 1.35 1.35 1.35 1.35 1.35 1.35 1.35 1.35 1.35 1.35 1.35 1.35 1.35 1.35 1.35 1.35 1.35 1.35 1.35 1.35 1.35 1.35 1.35 1.35 1.35 1.35 1.35 1.35 1.35 1.35 1.35 1.35 1.35 1.35 1.35 1.35 1.35 1.35 1.35 1.35 1.35 1.35 16.1116.1116.1116.1116.1116.1116.1116.1116.1116.1116.1116.1116.1116.1116.1116.1116.1116.1116.1116.1116.1116.1116.11
16.1116.1116.1116.1116.1116.1116.1116.1116.1116.1116.1116.1116.1116.1116.1116.1116.1116.1116.1116.1116.1116.1116.1116.1116.1116.1116.1116.1116.1116.1116.1116.1116.1116.1116.1116.1116.1116.1116.1116.1116.1116.1116.1116.1116.1116.1116.1116.1116.1116.1116.1116.1116.1116.11
1.35 1.35 1.35 1.35 1.35 1.35 1.35 1.35 1.35 1.35 1.35 1.35 1.35 1.35 1.35 1.35 1.35 1.35 1.35 1.35 1.35 1.35 1.35 1.35 1.35 1.35 1.35 1.35 1.35 1.35 1.35 1.35 1.35 1.35 1.35 1.35 1.35 1.35 1.35 1.35 1.35 1.35 1.35 1.35 1.35 1.35 1.35 1.35 1.35 1.35 1.35 1.35 1.35 1.35 1.35 1.35 1.35 1.35 1.35 1.35 1.35 1.35 1.35 1.35 1.35 1.35 1.35 1.35 1.35 1.35 1.35 1.35 1.35 1.35 1.35 1.35 1.35 16.1116.1116.1116.1116.1116.1116.1116.1116.1116.1116.1116.1116.1116.1116.1116.1116.1116.1116.1116.1116.1116.1116.11
16.1116.1116.1116.1116.1116.1116.1116.1116.1116.1116.1116.1116.1116.1116.1116.1116.1116.1116.1116.1116.1116.1116.1116.1116.1116.1116.1116.1116.1116.1116.1116.1116.1116.1116.1116.1116.1116.1116.1116.1116.1116.1116.1116.1116.1116.1116.1116.1116.1116.1116.1116.1116.1116.11
1.35 1.35 1.35 1.35 1.35 1.35 1.35 1.35 1.35 1.35 1.35 1.35 1.35 1.35 1.35 1.35 1.35 1.35 1.35 1.35 1.35 1.35 1.35 1.35 1.35 1.35 1.35 1.35 1.35 1.35 1.35 1.35 1.35 1.35 1.35 1.35 1.35 1.35 1.35 1.35 1.35 1.35 1.35 1.35 1.35 1.35 1.35 1.35 1.35 1.35 1.35 1.35 1.35 1.35 1.35 1.35 1.35 1.35 1.35 1.35 1.35 1.35 1.35 1.35 1.35 1.35 1.35 1.35 1.35 1.35 1.35 1.35 1.35 1.35 1.35 1.35 1.35 16.1116.1116.1116.1116.1116.1116.1116.1116.1116.1116.1116.1116.1116.1116.1116.1116.1116.1116.1116.1116.1116.1116.11
16.1116.1116.1116.1116.1116.1116.1116.1116.1116.1116.1116.1116.1116.1116.1116.1116.1116.1116.1116.1116.1116.1116.1116.1116.1116.1116.1116.1116.1116.1116.1116.1116.1116.1116.1116.1116.1116.1116.1116.1116.1116.1116.1116.1116.1116.1116.1116.1116.1116.1116.1116.1116.1116.11
1.35 1.35 1.35 1.35 1.35 1.35 1.35 1.35 1.35 1.35 1.35 1.35 1.35 1.35 1.35 1.35 1.35 1.35 1.35 1.35 1.35 1.35 1.35 1.35 1.35 1.35 1.35 1.35 1.35 1.35 1.35 1.35 1.35 1.35 1.35 1.35 1.35 1.35 1.35 1.35 1.35 1.35 1.35 1.35 1.35 1.35 1.35 1.35 1.35 1.35 1.35 1.35 1.35 1.35 1.35 1.35 1.35 1.35 1.35 1.35 1.35 1.35 1.35 1.35 1.35 1.35 1.35 1.35 1.35 1.35 1.35 1.35 1.35 1.35 1.35 1.35 1.35 16.1116.1116.1116.1116.1116.1116.1116.1116.1116.1116.1116.1116.1116.1116.1116.1116.1116.1116.1116.1116.1116.1116.11
16.1116.1116.1116.1116.1116.1116.1116.1116.1116.1116.1116.1116.1116.1116.1116.1116.1116.1116.1116.1116.1116.1116.1116.1116.1116.1116.1116.1116.1116.1116.1116.1116.1116.1116.1116.1116.1116.1116.1116.1116.1116.1116.1116.1116.1116.1116.1116.1116.1116.1116.1116.1116.1116.11
1.35 1.35 1.35 1.35 1.35 1.35 1.35 1.35 1.35 1.35 1.35 1.35 1.35 1.35 1.35 1.35 1.35 1.35 1.35 1.35 1.35 1.35 1.35 1.35 1.35 1.35 1.35 1.35 1.35 1.35 1.35 1.35 1.35 1.35 1.35 1.35 1.35 1.35 1.35 1.35 1.35 1.35 1.35 1.35 1.35 1.35 1.35 1.35 1.35 1.35 1.35 1.35 1.35 1.35 1.35 1.35 1.35 1.35 1.35 1.35 1.35 1.35 1.35 1.35 1.35 1.35 1.35 1.35 1.35 1.35 1.35 1.35 1.35 1.35 1.35 1.35 1.35 16.1116.1116.1116.1116.1116.1116.1116.1116.1116.1116.1116.1116.1116.1116.1116.1116.1116.1116.1116.1116.1116.1116.11
16.1116.1116.1116.1116.1116.1116.1116.1116.1116.1116.1116.1116.1116.1116.1116.1116.1116.1116.1116.1116.1116.1116.1116.1116.1116.1116.1116.1116.1116.1116.1116.1116.1116.1116.1116.1116.1116.1116.1116.1116.1116.1116.1116.1116.1116.1116.1116.1116.1116.1116.1116.1116.1116.11
16.1116.1116.1116.1116.1116.1116.1116.1116.1116.1116.1116.1116.1116.1116.1116.1116.1116.1116.1116.1116.1116.1116.1143.0643.0643.0643.0643.0643.0643.0643.0643.0643.0643.0643.0643.0643.0643.0643.0643.0643.0643.0643.0643.0643.0643.0643.0643.0643.0643.0643.0643.0643.0643.0643.0643.0643.0643.0643.0643.0643.0643.0643.0643.0643.0643.0643.0643.0643.0643.0643.0643.0643.0643.0643.0643.0643.0643.0643.0643.0643.0643.0643.0643.0643.0643.0643.0643.0643.0643.0643.0643.0643.0643.0643.0643.0643.0643.0643.0643.06
43.0643.0643.0643.0643.0643.0643.0643.0643.0643.0643.0643.0643.0643.0643.0643.0643.0643.0643.0643.0643.0643.0643.0643.0643.0643.0643.0643.0643.0643.0643.0643.0643.0643.0643.0643.0643.0643.0643.0643.0643.0643.0643.0643.0643.0643.0643.0643.0643.0643.0643.0643.0643.0643.06
16.1116.1116.1116.1116.1116.1116.1116.1116.1116.1116.1116.1116.1116.1116.1116.1116.1116.1116.1116.1116.1116.1116.1143.0643.0643.0643.0643.0643.0643.0643.0643.0643.0643.0643.0643.0643.0643.0643.0643.0643.0643.0643.0643.0643.0643.0643.0643.0643.0643.0643.0643.0643.0643.0643.0643.0643.0643.0643.0643.0643.0643.0643.0643.0643.0643.0643.0643.0643.0643.0643.0643.0643.0643.0643.0643.0643.0643.0643.0643.0643.0643.0643.0643.0643.0643.0643.0643.0643.0643.0643.0643.0643.0643.0643.0643.0643.0643.0643.0643.06
43.0643.0643.0643.0643.0643.0643.0643.0643.0643.0643.0643.0643.0643.0643.0643.0643.0643.0643.0643.0643.0643.0643.0643.0643.0643.0643.0643.0643.0643.0643.0643.0643.0643.0643.0643.0643.0643.0643.0643.0643.0643.0643.0643.0643.0643.0643.0643.0643.0643.0643.0643.0643.0643.06
16.1116.1116.1116.1116.1116.1116.1116.1116.1116.1116.1116.1116.1116.1116.1116.1116.1116.1116.1116.1116.1116.1116.1143.0643.0643.0643.0643.0643.0643.0643.0643.0643.0643.0643.0643.0643.0643.0643.0643.0643.0643.0643.0643.0643.0643.0643.0643.0643.0643.0643.0643.0643.0643.0643.0643.0643.0643.0643.0643.0643.0643.0643.0643.0643.0643.0643.0643.0643.0643.0643.0643.0643.0643.0643.0643.0643.0643.0643.0643.0643.0643.0643.0643.0643.0643.0643.0643.0643.0643.0643.0643.0643.0643.0643.0643.0643.0643.0643.0643.06
43.0643.0643.0643.0643.0643.0643.0643.0643.0643.0643.0643.0643.0643.0643.0643.0643.0643.0643.0643.0643.0643.0643.0643.0643.0643.0643.0643.0643.0643.0643.0643.0643.0643.0643.0643.0643.0643.0643.0643.0643.0643.0643.0643.0643.0643.0643.0643.0643.0643.0643.0643.0643.0643.06
16.1116.1116.1116.1116.1116.1116.1116.1116.1116.1116.1116.1116.1116.1116.1116.1116.1116.1116.1116.1116.1116.1116.1143.0643.0643.0643.0643.0643.0643.0643.0643.0643.0643.0643.0643.0643.0643.0643.0643.0643.0643.0643.0643.0643.0643.0643.0643.0643.0643.0643.0643.0643.0643.0643.0643.0643.0643.0643.0643.0643.0643.0643.0643.0643.0643.0643.0643.0643.0643.0643.0643.0643.0643.0643.0643.0643.0643.0643.0643.0643.0643.0643.0643.0643.0643.0643.0643.0643.0643.0643.0643.0643.0643.0643.0643.0643.0643.0643.0643.06
43.0643.0643.0643.0643.0643.0643.0643.0643.0643.0643.0643.0643.0643.0643.0643.0643.0643.0643.0643.0643.0643.0643.0643.0643.0643.0643.0643.0643.0643.0643.0643.0643.0643.0643.0643.0643.0643.0643.0643.0643.0643.0643.0643.0643.0643.0643.0643.0643.0643.0643.0643.0643.0643.06
16.1116.1116.1116.1116.1116.1116.1116.1116.1116.1116.1116.1116.1116.1116.1116.1116.1116.1116.1116.1116.1116.1116.1143.0643.0643.0643.0643.0643.0643.0643.0643.0643.0643.0643.0643.0643.0643.0643.0643.0643.0643.0643.0643.0643.0643.0643.0643.0643.0643.0643.0643.0643.0643.0643.0643.0643.0643.0643.0643.0643.0643.0643.0643.0643.0643.0643.0643.0643.0643.0643.0643.0643.0643.0643.0643.0643.0643.0643.0643.0643.0643.0643.0643.0643.0643.0643.0643.0643.0643.0643.0643.0643.0643.0643.0643.0643.0643.0643.0643.06
43.0643.0643.0643.0643.0643.0643.0643.0643.0643.0643.0643.0643.0643.0643.0643.0643.0643.0643.0643.0643.0643.0643.0643.0643.0643.0643.0643.0643.0643.0643.0643.0643.0643.0643.0643.0643.0643.0643.0643.0643.0643.0643.0643.0643.0643.0643.0643.0643.0643.0643.0643.0643.0643.06
