 SINGLE AREA          2
  PARENT FLUX B.C.  -1     1    50   108     1    56    56     0
          59
    1    20    22    59
    1    20    23    59
    1    20    24    59
    1    20    25    59
    1    20    26    59
    1    20    27    59
    1    20    28    59
    1    20    29    59
    1    20    30    59
    1    20    31    59
    1    20    32    59
    1    20    33    59
    1    20    34    59
    1    20    35    59
    1    20    36    59
    1    20    37    59
    1    20    38    59
    1    20    39    59
    1    21    22    59
    1    21    39    59
    1    22    22    59
    1    22    39    59
    1    23    22    59
    1    23    39    59
    1    24    22    59
    1    24    39    59
    1    25    22    59
    1    25    39    59
    1    26    22    59
    1    26    39    59
    1    27    22    59
    1    27    39    59
    1    28    22    59
    1    28    39    59
    1    29    22    59
    1    29    39    59
    1    30    22    59
    1    30    39    59
    1    31    22    59
    1    31    23    59
    1    31    24    59
    1    31    25    59
    1    31    26    59
    1    31    27    59
    1    31    28    59
    1    31    29    59
    1    31    30    59
    1    31    31    59
    1    31    32    59
    1    31    33    59
    1    31    34    59
    1    31    35    59
    1    31    36    59
    1    31    37    59
    1    31    38    59
    1    31    39    59
 KPER=   1  KSTP=   1  TOTIM=  1.000000    
 -0.126849976E-03
 -0.265356539E-05
 -0.109434795E-04
 -0.214873162E-04
 -0.335118239E-04
 -0.458417708E-04
 -0.562599089E-04
 -0.618400009E-04
 -0.604213965E-04
 -0.523141061E-04
 -0.402009318E-04
 -0.271271310E-04
 -0.149850384E-04
 -0.415392697E-05
  0.822658694E-05
  0.307483424E-04
  0.458728173E-04
  0.462501484E-04
 -0.236339292E-04
  0.329305622E-04
 -0.278256230E-04
  0.259901935E-04
 -0.318446910E-04
  0.199876195E-04
 -0.353254654E-04
  0.150816959E-04
 -0.377014730E-04
  0.111296458E-04
 -0.383624720E-04
  0.923550851E-05
 -0.367974353E-04
  0.123640075E-04
 -0.331897463E-04
  0.226301818E-04
 -0.281623106E-04
  0.395013412E-04
 -0.224857540E-04
  0.607860529E-04
 -0.136952760E-03
 -0.480373928E-04
 -0.496678658E-04
 -0.112005189E-03
 -0.125817256E-03
 -0.146989449E-03
 -0.171112697E-03
 -0.201015006E-03
 -0.337349426E-03
 -0.718117342E-03
 -0.682595593E-03
 -0.576182676E-03
 -0.475955458E-03
 -0.390982663E-03
 -0.323637854E-03
 -0.272258651E-03
 -0.233419560E-03
 -0.471852354E-05
