0.4250.4250.4250.4250.4250.4250.4250.4250.4250.4250.4250.4250.4250.4250.4250.4250.4250.4251.35 1.35 1.35 1.35 1.35 1.35 1.35 1.35 1.35 1.35 1.35 1.35 1.35 1.35 1.35 1.35 1.35 1.35 16.1116.1116.1116.1116.1116.1116.1116.1116.1116.1116.1116.1116.1116.11
16.1116.1116.1116.1116.1116.1116.1116.1116.1116.1116.1116.1116.1116.1116.1116.1116.1116.1116.1116.1116.1116.1116.1116.1116.1116.1116.1116.111.35 1.35 1.35 1.35 1.35 1.35 1.35 1.35 1.35 1.35 1.35 1.35 0.4250.4250.4250.4250.4250.4250.4250.4250.4250.425
0.4250.4251.35 1.35 1.35 1.35 1.35 1.35 
0.4250.4250.4250.4250.4250.4250.4250.4250.4250.4250.4250.4250.4250.4250.4250.4250.4250.4251.35 1.35 1.35 1.35 1.35 1.35 1.35 1.35 1.35 1.35 1.35 1.35 1.35 1.35 1.35 1.35 1.35 1.35 16.1116.1116.1116.1116.1116.1116.1116.1116.1116.1116.1116.1116.1116.11
16.1116.1116.1116.1116.1116.1116.1116.1116.1116.1116.1116.1116.1116.1116.1116.1116.1116.1116.1116.1116.1116.1116.1116.1116.1116.1116.1116.111.35 1.35 1.35 1.35 1.35 1.35 1.35 1.35 1.35 1.35 1.35 1.35 0.4250.4250.4250.4250.4250.4250.4250.4250.4250.425
0.4250.4251.35 1.35 1.35 1.35 1.35 1.35 
0.4250.4250.4250.4250.4250.4250.4250.4250.4250.4250.4250.4250.4250.4250.4250.4250.4250.4251.35 1.35 1.35 1.35 1.35 1.35 1.35 1.35 1.35 1.35 1.35 1.35 1.35 1.35 1.35 1.35 1.35 1.35 16.1116.1116.1116.1116.1116.1116.1116.1116.1116.1116.1116.1116.1116.11
16.1116.1116.1116.1116.1116.1116.1116.1116.1116.1116.1116.1116.1116.1116.1116.1116.1116.1116.1116.1116.1116.1116.1116.1116.1116.1116.1116.111.35 1.35 1.35 1.35 1.35 1.35 1.35 1.35 1.35 1.35 1.35 1.35 0.4250.4250.4250.4250.4250.4250.4250.4250.4250.425
0.4250.4251.35 1.35 1.35 1.35 1.35 1.35 
0.4250.4250.4250.4250.4250.4250.4250.4250.4250.4250.4250.4250.4250.4250.4250.4250.4250.4251.35 1.35 1.35 1.35 1.35 1.35 1.35 1.35 1.35 1.35 1.35 1.35 1.35 1.35 1.35 1.35 1.35 1.35 16.1116.1116.1116.1116.1116.1116.1116.1116.1116.1116.1116.1116.1116.11
16.1116.1116.1116.1116.1116.1116.1116.1116.1116.1116.1116.1116.1116.1116.1116.1116.1116.1116.1116.1116.1116.1116.1116.1116.1116.1116.1116.111.35 1.35 1.35 1.35 1.35 1.35 1.35 1.35 1.35 1.35 1.35 1.35 0.4250.4250.4250.4250.4250.4250.4250.4250.4250.425
0.4250.4251.35 1.35 1.35 1.35 1.35 1.35 
0.4250.4250.4250.4250.4250.4250.4250.4250.4250.4250.4250.4250.4250.4250.4250.4250.4250.4251.35 1.35 1.35 1.35 1.35 1.35 1.35 1.35 1.35 1.35 1.35 1.35 1.35 1.35 1.35 1.35 1.35 1.35 16.1116.1116.1116.1116.1116.1116.1116.1116.1116.1116.1116.1116.1116.11
16.1116.1116.1116.1116.1116.1116.1116.1116.1116.1116.1116.1116.1116.1116.1116.1116.1116.1116.1116.1116.1116.1116.1116.1116.1116.1116.1116.111.35 1.35 1.35 1.35 1.35 1.35 1.35 1.35 1.35 1.35 1.35 1.35 0.4250.4250.4250.4250.4250.4250.4250.4250.4250.425
0.4250.4251.35 1.35 1.35 1.35 1.35 1.35 
0.4250.4250.4250.4250.4250.4250.4250.4250.4250.4250.4250.4251.35 1.35 1.35 1.35 1.35 1.35 1.35 1.35 1.35 1.35 1.35 1.35 16.1116.1116.1116.1116.1116.1116.1116.1116.1116.1116.1116.1143.0643.0643.0643.0643.0643.0643.0643.0643.0643.0643.0643.0643.0643.06
43.0643.0643.0643.06120.0120.0120.0120.0120.0120.043.0643.0643.0643.0643.0643.0643.0643.0643.0643.0643.0643.0616.1116.1116.1116.1116.1116.1116.1116.1116.1116.1116.1116.111.35 1.35 1.35 1.35 1.35 1.35 1.35 1.35 1.35 1.35 1.35 1.35 1.35 1.35 1.35 1.35 
1.35 1.35 1.35 1.35 1.35 1.35 1.35 1.35 
0.4250.4250.4250.4250.4250.4250.4250.4250.4250.4250.4250.4251.35 1.35 1.35 1.35 1.35 1.35 1.35 1.35 1.35 1.35 1.35 1.35 16.1116.1116.1116.1116.1116.1116.1116.1116.1116.1116.1116.1143.0643.0643.0643.0643.0643.0643.0643.0643.0643.0643.0643.0643.0643.06
43.0643.0643.0643.06120.0120.0120.0120.0120.0120.043.0643.0643.0643.0643.0643.0643.0643.0643.0643.0643.0643.0616.1116.1116.1116.1116.1116.1116.1116.1116.1116.1116.1116.111.35 1.35 1.35 1.35 1.35 1.35 1.35 1.35 1.35 1.35 1.35 1.35 1.35 1.35 1.35 1.35 
1.35 1.35 1.35 1.35 1.35 1.35 1.35 1.35 
0.4250.4250.4250.4250.4250.4250.4250.4250.4250.4250.4250.4251.35 1.35 1.35 1.35 1.35 1.35 1.35 1.35 1.35 1.35 1.35 1.35 16.1116.1116.1116.1116.1116.1116.1116.1116.1116.1116.1116.1143.0643.0643.0643.0643.0643.0643.0643.0643.0643.0643.0643.0643.0643.06
43.0643.0643.0643.06120.0120.0120.0120.0120.0120.043.0643.0643.0643.0643.0643.0643.0643.0643.0643.0643.0643.0616.1116.1116.1116.1116.1116.1116.1116.1116.1116.1116.1116.111.35 1.35 1.35 1.35 1.35 1.35 1.35 1.35 1.35 1.35 1.35 1.35 1.35 1.35 1.35 1.35 
1.35 1.35 1.35 1.35 1.35 1.35 1.35 1.35 
0.4250.4250.4250.4250.4250.4250.4250.4250.4250.4250.4250.4251.35 1.35 1.35 1.35 1.35 1.35 1.35 1.35 1.35 1.35 1.35 1.35 16.1116.1116.1116.1116.1116.1116.1116.1116.1116.1116.1116.1143.0643.0643.0643.0643.0643.0643.0643.0643.0643.0643.0643.0643.0643.06
43.0643.0643.0643.06120.0120.0120.0120.0120.0120.043.0643.0643.0643.0643.0643.0643.0643.0643.0643.0643.0643.0616.1116.1116.1116.1116.1116.1116.1116.1116.1116.1116.1116.111.35 1.35 1.35 1.35 1.35 1.35 1.35 1.35 1.35 1.35 1.35 1.35 1.35 1.35 1.35 1.35 
1.35 1.35 1.35 1.35 1.35 1.35 1.35 1.35 
0.4250.4250.4250.4250.4250.4250.4250.4250.4250.4250.4250.4251.35 1.35 1.35 1.35 1.35 1.35 1.35 1.35 1.35 1.35 1.35 1.35 16.1116.1116.1116.1116.1116.1116.1116.1116.1116.1116.1116.1143.0643.0643.0643.0643.0643.0643.0643.0643.0643.0643.0643.0643.0643.06
43.0643.0643.0643.06120.0120.0120.0120.0120.0120.043.0643.0643.0643.0643.0643.0643.0643.0643.0643.0643.0643.0616.1116.1116.1116.1116.1116.1116.1116.1116.1116.1116.1116.111.35 1.35 1.35 1.35 1.35 1.35 1.35 1.35 1.35 1.35 1.35 1.35 1.35 1.35 1.35 1.35 
1.35 1.35 1.35 1.35 1.35 1.35 1.35 1.35 
1.35 1.35 1.35 1.35 1.35 1.35 1.35 1.35 1.35 1.35 1.35 1.35 1.35 1.35 1.35 1.35 1.35 1.35 16.1116.1116.1116.1116.1116.1116.1116.1116.1116.1116.1116.1143.0643.0643.0643.0643.0643.0643.0643.0643.0643.0643.0643.06120.0120.0120.0120.0120.0120.0120.0120.0
120.0120.0120.0120.0120.0120.0120.0120.0120.0120.0120.0120.0120.0120.0120.0120.0120.0120.0120.0120.0120.0120.0120.0120.0120.0120.0120.0120.0120.0120.0120.0120.0120.0120.043.0643.0643.0643.0643.0643.0643.0643.0643.0643.0643.0643.0616.1116.1116.1116.11
16.1116.1116.1116.1116.1116.1116.1116.11
1.35 1.35 1.35 1.35 1.35 1.35 1.35 1.35 1.35 1.35 1.35 1.35 1.35 1.35 1.35 1.35 1.35 1.35 16.1116.1116.1116.1116.1116.1116.1116.1116.1116.1116.1116.1143.0643.0643.0643.0643.0643.0643.0643.0643.0643.0643.0643.06120.0120.0120.0120.0120.0120.0120.0120.0
120.0120.0120.0120.0120.0120.0120.0120.0120.0120.0120.0120.0120.0120.0120.0120.0120.0120.0120.0120.0120.0120.0120.0120.0120.0120.0120.0120.0120.0120.0120.0120.0120.0120.043.0643.0643.0643.0643.0643.0643.0643.0643.0643.0643.0643.0616.1116.1116.1116.11
16.1116.1116.1116.1116.1116.1116.1116.11
1.35 1.35 1.35 1.35 1.35 1.35 1.35 1.35 1.35 1.35 1.35 1.35 1.35 1.35 1.35 1.35 1.35 1.35 16.1116.1116.1116.1116.1116.1116.1116.1116.1116.1116.1116.1143.0643.0643.0643.0643.0643.0643.0643.0643.0643.0643.0643.06120.0120.0120.0120.0120.0120.0120.0120.0
120.0120.0120.0120.0120.0120.0120.0120.0120.0120.0120.0120.0120.0120.0120.0120.0120.0120.0120.0120.0120.0120.0120.0120.0120.0120.0120.0120.0120.0120.0120.0120.0120.0120.043.0643.0643.0643.0643.0643.0643.0643.0643.0643.0643.0643.0616.1116.1116.1116.11
16.1116.1116.1116.1116.1116.1116.1116.11
1.35 1.35 1.35 1.35 1.35 1.35 1.35 1.35 1.35 1.35 1.35 1.35 1.35 1.35 1.35 1.35 1.35 1.35 16.1116.1116.1116.1116.1116.1116.1116.1116.1116.1116.1116.1143.0643.0643.0643.0643.0643.0643.0643.0643.0643.0643.0643.06120.0120.0120.0120.0120.0120.0120.0120.0
120.0120.0120.0120.0120.0120.0120.0120.0120.0120.0120.0120.0120.0120.0120.0120.0120.0120.0120.0120.0120.0120.0120.0120.0120.0120.0120.0120.0120.0120.0120.0120.0120.0120.043.0643.0643.0643.0643.0643.0643.0643.0643.0643.0643.0643.0616.1116.1116.1116.11
16.1116.1116.1116.1116.1116.1116.1116.11
1.35 1.35 1.35 1.35 1.35 1.35 1.35 1.35 1.35 1.35 1.35 1.35 1.35 1.35 1.35 1.35 1.35 1.35 16.1116.1116.1116.1116.1116.1116.1116.1116.1116.1116.1116.1143.0643.0643.0643.0643.0643.0643.0643.0643.0643.0643.0643.06120.0120.0120.0120.0120.0120.0120.0120.0
120.0120.0120.0120.0120.0120.0120.0120.0120.0120.0120.0120.0120.0120.0120.0120.0120.0120.0120.0120.0120.0120.0120.0120.0120.0120.0120.0120.0120.0120.0120.0120.0120.0120.043.0643.0643.0643.0643.0643.0643.0643.0643.0643.0643.0643.0616.1116.1116.1116.11
16.1116.1116.1116.1116.1116.1116.1116.11
16.1116.1116.1116.1116.1116.1116.1116.1116.1116.1116.1116.1116.1116.1116.1116.1116.1116.1116.1116.1116.1116.1116.1116.1116.1116.1116.1116.1116.1116.1116.1116.1116.1116.1116.1116.1116.1116.1116.1116.1116.1116.1143.0643.0643.0643.0643.0643.0643.0643.06
43.0643.0643.0643.06120.0120.0120.0120.0120.0120.0120.0120.0120.0120.0120.0120.0120.0120.0120.0120.0120.0120.0120.0120.0120.0120.0120.0120.0120.0120.0120.0120.0120.0120.043.0643.0643.0643.0643.0643.0643.0643.0643.0643.0643.0643.0616.1116.1116.1116.11
16.1116.1116.1116.1116.1116.1116.1116.11
16.1116.1116.1116.1116.1116.1116.1116.1116.1116.1116.1116.1116.1116.1116.1116.1116.1116.1116.1116.1116.1116.1116.1116.1116.1116.1116.1116.1116.1116.1116.1116.1116.1116.1116.1116.1116.1116.1116.1116.1116.1116.1143.0643.0643.0643.0643.0643.0643.0643.06
43.0643.0643.0643.06120.0120.0120.0120.0120.0120.0120.0120.0120.0120.0120.0120.0120.0120.0120.0120.0120.0120.0120.0120.0120.0120.0120.0120.0120.0120.0120.0120.0120.0120.043.0643.0643.0643.0643.0643.0643.0643.0643.0643.0643.0643.0616.1116.1116.1116.11
16.1116.1116.1116.1116.1116.1116.1116.11
16.1116.1116.1116.1116.1116.1116.1116.1116.1116.1116.1116.1116.1116.1116.1116.1116.1116.1116.1116.1116.1116.1116.1116.1116.1116.1116.1116.1116.1116.1116.1116.1116.1116.1116.1116.1116.1116.1116.1116.1116.1116.1143.0643.0643.0643.0643.0643.0643.0643.06
43.0643.0643.0643.06120.0120.0120.0120.0120.0120.0120.0120.0120.0120.0120.0120.0120.0120.0120.0120.0120.0120.0120.0120.0120.0120.0120.0120.0120.0120.0120.0120.0120.0120.043.0643.0643.0643.0643.0643.0643.0643.0643.0643.0643.0643.0616.1116.1116.1116.11
16.1116.1116.1116.1116.1116.1116.1116.11
16.1116.1116.1116.1116.1116.1116.1116.1116.1116.1116.1116.1116.1116.1116.1116.1116.1116.1116.1116.1116.1116.1116.1116.1116.1116.1116.1116.1116.1116.1116.1116.1116.1116.1116.1116.1116.1116.1116.1116.1116.1116.1143.0643.0643.0643.0643.0643.0643.0643.06
43.0643.0643.0643.06120.0120.0120.0120.0120.0120.0120.0120.0120.0120.0120.0120.0120.0120.0120.0120.0120.0120.0120.0120.0120.0120.0120.0120.0120.0120.0120.0120.0120.0120.043.0643.0643.0643.0643.0643.0643.0643.0643.0643.0643.0643.0616.1116.1116.1116.11
16.1116.1116.1116.1116.1116.1116.1116.11
16.1116.1116.1116.1116.1116.1116.1116.1116.1116.1116.1116.1116.1116.1116.1116.1116.1116.1116.1116.1116.1116.1116.1116.1116.1116.1116.1116.1116.1116.1116.1116.1116.1116.1116.1116.1116.1116.1116.1116.1116.1116.1143.0643.0643.0643.0643.0643.0643.0643.06
43.0643.0643.0643.06120.0120.0120.0120.0120.0120.0120.0120.0120.0120.0120.0120.0120.0120.0120.0120.0120.0120.0120.0120.0120.0120.0120.0120.0120.0120.0120.0120.0120.0120.043.0643.0643.0643.0643.0643.0643.0643.0643.0643.0643.0643.0616.1116.1116.1116.11
16.1116.1116.1116.1116.1116.1116.1116.11
1.35 1.35 1.35 1.35 1.35 1.35 1.35 1.35 1.35 1.35 1.35 1.35 0.4250.4250.4250.4250.4250.4251.35 1.35 1.35 1.35 1.35 1.35 1.35 1.35 1.35 1.35 1.35 1.35 1.35 1.35 1.35 1.35 1.35 1.35 16.1116.1116.1116.1116.1116.1116.1116.1116.1116.1116.1116.1116.1116.11
16.1116.1116.1116.1116.1116.1116.1116.1116.1116.1143.0643.0643.0643.0643.0643.0643.0643.0643.0643.0643.0643.0643.0643.0643.0643.0643.0643.0643.0643.0643.0643.0643.0643.0616.1116.1116.1116.1116.1116.1116.1116.1116.1116.1116.1116.111.35 1.35 1.35 1.35 
1.35 1.35 1.35 1.35 1.35 1.35 1.35 1.35 
1.35 1.35 1.35 1.35 1.35 1.35 1.35 1.35 1.35 1.35 1.35 1.35 0.4250.4250.4250.4250.4250.4251.35 1.35 1.35 1.35 1.35 1.35 1.35 1.35 1.35 1.35 1.35 1.35 1.35 1.35 1.35 1.35 1.35 1.35 16.1116.1116.1116.1116.1116.1116.1116.1116.1116.1116.1116.1116.1116.11
16.1116.1116.1116.1116.1116.1116.1116.1116.1116.1143.0643.0643.0643.0643.0643.0643.0643.0643.0643.0643.0643.0643.0643.0643.0643.0643.0643.0643.0643.0643.0643.0643.0643.0616.1116.1116.1116.1116.1116.1116.1116.1116.1116.1116.1116.111.35 1.35 1.35 1.35 
1.35 1.35 1.35 1.35 1.35 1.35 1.35 1.35 
1.35 1.35 1.35 1.35 1.35 1.35 1.35 1.35 1.35 1.35 1.35 1.35 0.4250.4250.4250.4250.4250.4251.35 1.35 1.35 1.35 1.35 1.35 1.35 1.35 1.35 1.35 1.35 1.35 1.35 1.35 1.35 1.35 1.35 1.35 16.1116.1116.1116.1116.1116.1116.1116.1116.1116.1116.1116.1116.1116.11
16.1116.1116.1116.1116.1116.1116.1116.1116.1116.1143.0643.0643.0643.0643.0643.0643.0643.0643.0643.0643.0643.0643.0643.0643.0643.0643.0643.0643.0643.0643.0643.0643.0643.0616.1116.1116.1116.1116.1116.1116.1116.1116.1116.1116.1116.111.35 1.35 1.35 1.35 
1.35 1.35 1.35 1.35 1.35 1.35 1.35 1.35 
1.35 1.35 1.35 1.35 1.35 1.35 1.35 1.35 1.35 1.35 1.35 1.35 0.4250.4250.4250.4250.4250.4251.35 1.35 1.35 1.35 1.35 1.35 1.35 1.35 1.35 1.35 1.35 1.35 1.35 1.35 1.35 1.35 1.35 1.35 16.1116.1116.1116.1116.1116.1116.1116.1116.1116.1116.1116.1116.1116.11
16.1116.1116.1116.1116.1116.1116.1116.1116.1116.1143.0643.0643.0643.0643.0643.0643.0643.0643.0643.0643.0643.0643.0643.0643.0643.0643.0643.0643.0643.0643.0643.0643.0643.0616.1116.1116.1116.1116.1116.1116.1116.1116.1116.1116.1116.111.35 1.35 1.35 1.35 
1.35 1.35 1.35 1.35 1.35 1.35 1.35 1.35 
1.35 1.35 1.35 1.35 1.35 1.35 1.35 1.35 1.35 1.35 1.35 1.35 0.4250.4250.4250.4250.4250.4251.35 1.35 1.35 1.35 1.35 1.35 1.35 1.35 1.35 1.35 1.35 1.35 1.35 1.35 1.35 1.35 1.35 1.35 16.1116.1116.1116.1116.1116.1116.1116.1116.1116.1116.1116.1116.1116.11
16.1116.1116.1116.1116.1116.1116.1116.1116.1116.1143.0643.0643.0643.0643.0643.0643.0643.0643.0643.0643.0643.0643.0643.0643.0643.0643.0643.0643.0643.0643.0643.0643.0643.0616.1116.1116.1116.1116.1116.1116.1116.1116.1116.1116.1116.111.35 1.35 1.35 1.35 
1.35 1.35 1.35 1.35 1.35 1.35 1.35 1.35 
1.35 1.35 1.35 1.35 1.35 1.35 1.35 1.35 1.35 1.35 1.35 1.35 1.35 1.35 1.35 1.35 1.35 1.35 1.35 1.35 1.35 1.35 1.35 1.35 1.35 1.35 1.35 1.35 1.35 1.35 16.1116.1116.1116.1116.1116.1116.1116.1116.1116.1116.1116.1116.1116.1116.1116.1116.1116.1116.1116.11
16.1116.1116.1116.1116.1116.1116.1116.1116.1116.1116.1116.1116.1116.1116.1116.1116.1116.1116.1116.1116.1116.1143.0643.0643.0643.0643.0643.0643.0643.0643.0643.0643.0643.0643.0643.0643.0643.0643.0643.0643.0643.0643.0643.0643.0643.0616.1116.1116.1116.11
16.1116.1116.1116.1116.1116.1116.1116.11
1.35 1.35 1.35 1.35 1.35 1.35 1.35 1.35 1.35 1.35 1.35 1.35 1.35 1.35 1.35 1.35 1.35 1.35 1.35 1.35 1.35 1.35 1.35 1.35 1.35 1.35 1.35 1.35 1.35 1.35 16.1116.1116.1116.1116.1116.1116.1116.1116.1116.1116.1116.1116.1116.1116.1116.1116.1116.1116.1116.11
16.1116.1116.1116.1116.1116.1116.1116.1116.1116.1116.1116.1116.1116.1116.1116.1116.1116.1116.1116.1116.1116.1143.0643.0643.0643.0643.0643.0643.0643.0643.0643.0643.0643.0643.0643.0643.0643.0643.0643.0643.0643.0643.0643.0643.0643.0616.1116.1116.1116.11
16.1116.1116.1116.1116.1116.1116.1116.11
1.35 1.35 1.35 1.35 1.35 1.35 1.35 1.35 1.35 1.35 1.35 1.35 1.35 1.35 1.35 1.35 1.35 1.35 1.35 1.35 1.35 1.35 1.35 1.35 1.35 1.35 1.35 1.35 1.35 1.35 16.1116.1116.1116.1116.1116.1116.1116.1116.1116.1116.1116.1116.1116.1116.1116.1116.1116.1116.1116.11
16.1116.1116.1116.1116.1116.1116.1116.1116.1116.1116.1116.1116.1116.1116.1116.1116.1116.1116.1116.1116.1116.1143.0643.0643.0643.0643.0643.0643.0643.0643.0643.0643.0643.0643.0643.0643.0643.0643.0643.0643.0643.0643.0643.0643.0643.0616.1116.1116.1116.11
16.1116.1116.1116.1116.1116.1116.1116.11
1.35 1.35 1.35 1.35 1.35 1.35 1.35 1.35 1.35 1.35 1.35 1.35 1.35 1.35 1.35 1.35 1.35 1.35 1.35 1.35 1.35 1.35 1.35 1.35 1.35 1.35 1.35 1.35 1.35 1.35 16.1116.1116.1116.1116.1116.1116.1116.1116.1116.1116.1116.1116.1116.1116.1116.1116.1116.1116.1116.11
16.1116.1116.1116.1116.1116.1116.1116.1116.1116.1116.1116.1116.1116.1116.1116.1116.1116.1116.1116.1116.1116.1143.0643.0643.0643.0643.0643.0643.0643.0643.0643.0643.0643.0643.0643.0643.0643.0643.0643.0643.0643.0643.0643.0643.0643.0616.1116.1116.1116.11
16.1116.1116.1116.1116.1116.1116.1116.11
1.35 1.35 1.35 1.35 1.35 1.35 1.35 1.35 1.35 1.35 1.35 1.35 1.35 1.35 1.35 1.35 1.35 1.35 1.35 1.35 1.35 1.35 1.35 1.35 1.35 1.35 1.35 1.35 1.35 1.35 16.1116.1116.1116.1116.1116.1116.1116.1116.1116.1116.1116.1116.1116.1116.1116.1116.1116.1116.1116.11
16.1116.1116.1116.1116.1116.1116.1116.1116.1116.1116.1116.1116.1116.1116.1116.1116.1116.1116.1116.1116.1116.1143.0643.0643.0643.0643.0643.0643.0643.0643.0643.0643.0643.0643.0643.0643.0643.0643.0643.0643.0643.0643.0643.0643.0643.0616.1116.1116.1116.11
16.1116.1116.1116.1116.1116.1116.1116.11
16.1116.1116.1116.1116.1116.1116.1116.1116.1116.1116.1116.1116.1116.1116.1116.1116.1116.1116.1116.1116.1116.1116.1116.1143.0643.0643.0643.0643.0643.0643.0643.0643.0643.0643.0643.0643.0643.0643.0643.0643.0643.0643.0643.0643.0643.0643.0643.0643.0643.06
43.0643.0643.0643.0616.1116.1116.1116.1116.1116.1116.1116.1116.1116.1116.1116.1116.1116.1116.1116.1116.1116.1116.1116.1116.1116.1116.1116.1116.1116.1116.1116.1116.1116.1143.0643.0643.0643.0643.0643.0643.0643.0643.0643.0643.0643.0643.0643.0643.0643.06
43.0643.0643.0643.0643.0643.0643.0643.06
16.1116.1116.1116.1116.1116.1116.1116.1116.1116.1116.1116.1116.1116.1116.1116.1116.1116.1116.1116.1116.1116.1116.1116.1143.0643.0643.0643.0643.0643.0643.0643.0643.0643.0643.0643.0643.0643.0643.0643.0643.0643.0643.0643.0643.0643.0643.0643.0643.0643.06
43.0643.0643.0643.0616.1116.1116.1116.1116.1116.1116.1116.1116.1116.1116.1116.1116.1116.1116.1116.1116.1116.1116.1116.1116.1116.1116.1116.1116.1116.1116.1116.1116.1116.1143.0643.0643.0643.0643.0643.0643.0643.0643.0643.0643.0643.0643.0643.0643.0643.06
43.0643.0643.0643.0643.0643.0643.0643.06
16.1116.1116.1116.1116.1116.1116.1116.1116.1116.1116.1116.1116.1116.1116.1116.1116.1116.1116.1116.1116.1116.1116.1116.1143.0643.0643.0643.0643.0643.0643.0643.0643.0643.0643.0643.0643.0643.0643.0643.0643.0643.0643.0643.0643.0643.0643.0643.0643.0643.06
43.0643.0643.0643.0616.1116.1116.1116.1116.1116.1116.1116.1116.1116.1116.1116.1116.1116.1116.1116.1116.1116.1116.1116.1116.1116.1116.1116.1116.1116.1116.1116.1116.1116.1143.0643.0643.0643.0643.0643.0643.0643.0643.0643.0643.0643.0643.0643.0643.0643.06
43.0643.0643.0643.0643.0643.0643.0643.06
16.1116.1116.1116.1116.1116.1116.1116.1116.1116.1116.1116.1116.1116.1116.1116.1116.1116.1116.1116.1116.1116.1116.1116.1143.0643.0643.0643.0643.0643.0643.0643.0643.0643.0643.0643.0643.0643.0643.0643.0643.0643.0643.0643.0643.0643.0643.0643.0643.0643.06
43.0643.0643.0643.0616.1116.1116.1116.1116.1116.1116.1116.1116.1116.1116.1116.1116.1116.1116.1116.1116.1116.1116.1116.1116.1116.1116.1116.1116.1116.1116.1116.1116.1116.1143.0643.0643.0643.0643.0643.0643.0643.0643.0643.0643.0643.0643.0643.0643.0643.06
43.0643.0643.0643.0643.0643.0643.0643.06
16.1116.1116.1116.1116.1116.1116.1116.1116.1116.1116.1116.1116.1116.1116.1116.1116.1116.1116.1116.1116.1116.1116.1116.1143.0643.0643.0643.0643.0643.0643.0643.0643.0643.0643.0643.0643.0643.0643.0643.0643.0643.0643.0643.0643.0643.0643.0643.0643.0643.06
43.0643.0643.0643.0616.1116.1116.1116.1116.1116.1116.1116.1116.1116.1116.1116.1116.1116.1116.1116.1116.1116.1116.1116.1116.1116.1116.1116.1116.1116.1116.1116.1116.1116.1143.0643.0643.0643.0643.0643.0643.0643.0643.0643.0643.0643.0643.0643.0643.0643.06
43.0643.0643.0643.0643.0643.0643.0643.06
43.0643.0643.0643.0643.0643.0643.0643.0643.0643.0643.0643.06120.0120.0120.0120.0120.0120.0120.0120.0120.0120.0120.0120.0120.0120.0120.0120.0120.0120.043.0643.0643.0643.0643.0643.0643.0643.0643.0643.0643.0643.0643.0643.0643.0643.0643.0643.0643.0643.06
43.0643.0643.0643.0643.0643.0643.0643.0643.0643.0643.0643.0643.0643.0643.0643.0643.0643.0643.0643.0643.0643.0643.0643.0643.0643.0643.0643.06120.0120.0120.0120.0120.0120.0120.0120.0120.0120.0120.0120.0120.0120.0120.0120.0120.0120.043.0643.0643.0643.06
43.0643.0643.0643.0643.0643.0643.0643.06
43.0643.0643.0643.0643.0643.0643.0643.0643.0643.0643.0643.06120.0120.0120.0120.0120.0120.0120.0120.0120.0120.0120.0120.0120.0120.0120.0120.0120.0120.043.0643.0643.0643.0643.0643.0643.0643.0643.0643.0643.0643.0643.0643.0643.0643.0643.0643.0643.0643.06
43.0643.0643.0643.0643.0643.0643.0643.0643.0643.0643.0643.0643.0643.0643.0643.0643.0643.0643.0643.0643.0643.0643.0643.0643.0643.0643.0643.06120.0120.0120.0120.0120.0120.0120.0120.0120.0120.0120.0120.0120.0120.0120.0120.0120.0120.043.0643.0643.0643.06
43.0643.0643.0643.0643.0643.0643.0643.06
43.0643.0643.0643.0643.0643.0643.0643.0643.0643.0643.0643.06120.0120.0120.0120.0120.0120.0120.0120.0120.0120.0120.0120.0120.0120.0120.0120.0120.0120.043.0643.0643.0643.0643.0643.0643.0643.0643.0643.0643.0643.0643.0643.0643.0643.0643.0643.0643.0643.06
43.0643.0643.0643.0643.0643.0643.0643.0643.0643.0643.0643.0643.0643.0643.0643.0643.0643.0643.0643.0643.0643.0643.0643.0643.0643.0643.0643.06120.0120.0120.0120.0120.0120.0120.0120.0120.0120.0120.0120.0120.0120.0120.0120.0120.0120.043.0643.0643.0643.06
43.0643.0643.0643.0643.0643.0643.0643.06
43.0643.0643.0643.0643.0643.0643.0643.0643.0643.0643.0643.06120.0120.0120.0120.0120.0120.0120.0120.0120.0120.0120.0120.0120.0120.0120.0120.0120.0120.043.0643.0643.0643.0643.0643.0643.0643.0643.0643.0643.0643.0643.0643.0643.0643.0643.0643.0643.0643.06
43.0643.0643.0643.0643.0643.0643.0643.0643.0643.0643.0643.0643.0643.0643.0643.0643.0643.0643.0643.0643.0643.0643.0643.0643.0643.0643.0643.06120.0120.0120.0120.0120.0120.0120.0120.0120.0120.0120.0120.0120.0120.0120.0120.0120.0120.043.0643.0643.0643.06
43.0643.0643.0643.0643.0643.0643.0643.06
43.0643.0643.0643.0643.0643.0643.0643.0643.0643.0643.0643.06120.0120.0120.0120.0120.0120.0120.0120.0120.0120.0120.0120.0120.0120.0120.0120.0120.0120.043.0643.0643.0643.0643.0643.0643.0643.0643.0643.0643.0643.0643.0643.0643.0643.0643.0643.0643.0643.06
43.0643.0643.0643.0643.0643.0643.0643.0643.0643.0643.0643.0643.0643.0643.0643.0643.0643.0643.0643.0643.0643.0643.0643.0643.0643.0643.0643.06120.0120.0120.0120.0120.0120.0120.0120.0120.0120.0120.0120.0120.0120.0120.0120.0120.0120.043.0643.0643.0643.06
43.0643.0643.0643.0643.0643.0643.0643.06
43.0643.0643.0643.0643.0643.0643.0643.0643.0643.0643.0643.0643.0643.0643.0643.0643.0643.0643.0643.0643.0643.0643.0643.0643.0643.0643.0643.0643.0643.0643.0643.0643.0643.0643.0643.0643.0643.0643.0643.0643.0643.0616.1116.1116.1116.1116.1116.1116.1116.11
16.1116.1116.1116.1116.1116.1116.1116.1116.1116.1116.1116.1116.1116.1116.1116.1116.1116.1116.1116.1116.1116.1116.1116.1116.1116.1116.1116.1116.1116.1116.1116.1116.1116.1116.1116.1116.1116.1116.1116.1116.1116.1116.1116.1116.1116.1116.1116.1116.1116.11
16.1116.1116.1116.1116.1116.1116.1116.11
43.0643.0643.0643.0643.0643.0643.0643.0643.0643.0643.0643.0643.0643.0643.0643.0643.0643.0643.0643.0643.0643.0643.0643.0643.0643.0643.0643.0643.0643.0643.0643.0643.0643.0643.0643.0643.0643.0643.0643.0643.0643.0616.1116.1116.1116.1116.1116.1116.1116.11
16.1116.1116.1116.1116.1116.1116.1116.1116.1116.1116.1116.1116.1116.1116.1116.1116.1116.1116.1116.1116.1116.1116.1116.1116.1116.1116.1116.1116.1116.1116.1116.1116.1116.1116.1116.1116.1116.1116.1116.1116.1116.1116.1116.1116.1116.1116.1116.1116.1116.11
16.1116.1116.1116.1116.1116.1116.1116.11
43.0643.0643.0643.0643.0643.0643.0643.0643.0643.0643.0643.0643.0643.0643.0643.0643.0643.0643.0643.0643.0643.0643.0643.0643.0643.0643.0643.0643.0643.0643.0643.0643.0643.0643.0643.0643.0643.0643.0643.0643.0643.0616.1116.1116.1116.1116.1116.1116.1116.11
16.1116.1116.1116.1116.1116.1116.1116.1116.1116.1116.1116.1116.1116.1116.1116.1116.1116.1116.1116.1116.1116.1116.1116.1116.1116.1116.1116.1116.1116.1116.1116.1116.1116.1116.1116.1116.1116.1116.1116.1116.1116.1116.1116.1116.1116.1116.1116.1116.1116.11
16.1116.1116.1116.1116.1116.1116.1116.11
43.0643.0643.0643.0643.0643.0643.0643.0643.0643.0643.0643.0643.0643.0643.0643.0643.0643.0643.0643.0643.0643.0643.0643.0643.0643.0643.0643.0643.0643.0643.0643.0643.0643.0643.0643.0643.0643.0643.0643.0643.0643.0616.1116.1116.1116.1116.1116.1116.1116.11
16.1116.1116.1116.1116.1116.1116.1116.1116.1116.1116.1116.1116.1116.1116.1116.1116.1116.1116.1116.1116.1116.1116.1116.1116.1116.1116.1116.1116.1116.1116.1116.1116.1116.1116.1116.1116.1116.1116.1116.1116.1116.1116.1116.1116.1116.1116.1116.1116.1116.11
16.1116.1116.1116.1116.1116.1116.1116.11
43.0643.0643.0643.0643.0643.0643.0643.0643.0643.0643.0643.0643.0643.0643.0643.0643.0643.0643.0643.0643.0643.0643.0643.0643.0643.0643.0643.0643.0643.0643.0643.0643.0643.0643.0643.0643.0643.0643.0643.0643.0643.0616.1116.1116.1116.1116.1116.1116.1116.11
16.1116.1116.1116.1116.1116.1116.1116.1116.1116.1116.1116.1116.1116.1116.1116.1116.1116.1116.1116.1116.1116.1116.1116.1116.1116.1116.1116.1116.1116.1116.1116.1116.1116.1116.1116.1116.1116.1116.1116.1116.1116.1116.1116.1116.1116.1116.1116.1116.1116.11
16.1116.1116.1116.1116.1116.1116.1116.11
1.35 1.35 1.35 1.35 1.35 1.35 1.35 1.35 1.35 1.35 1.35 1.35 16.1116.1116.1116.1116.1116.1116.1116.1116.1116.1116.1116.1116.1116.1116.1116.1116.1116.1116.1116.1116.1116.1116.1116.1116.1116.1116.1116.1116.1116.111.35 1.35 1.35 1.35 1.35 1.35 1.35 1.35 
1.35 1.35 1.35 1.35 1.35 1.35 1.35 1.35 1.35 1.35 0.4250.4250.4250.4250.4250.4250.4250.4250.4250.4250.4250.4251.35 1.35 1.35 1.35 1.35 1.35 1.35 1.35 1.35 1.35 1.35 1.35 1.35 1.35 1.35 1.35 1.35 1.35 0.4250.4250.4250.4250.4250.4250.4250.4250.4250.425
0.4250.4251.35 1.35 1.35 1.35 1.35 1.35 
1.35 1.35 1.35 1.35 1.35 1.35 1.35 1.35 1.35 1.35 1.35 1.35 16.1116.1116.1116.1116.1116.1116.1116.1116.1116.1116.1116.1116.1116.1116.1116.1116.1116.1116.1116.1116.1116.1116.1116.1116.1116.1116.1116.1116.1116.111.35 1.35 1.35 1.35 1.35 1.35 1.35 1.35 
1.35 1.35 1.35 1.35 1.35 1.35 1.35 1.35 1.35 1.35 0.4250.4250.4250.4250.4250.4250.4250.4250.4250.4250.4250.4251.35 1.35 1.35 1.35 1.35 1.35 1.35 1.35 1.35 1.35 1.35 1.35 1.35 1.35 1.35 1.35 1.35 1.35 0.4250.4250.4250.4250.4250.4250.4250.4250.4250.425
0.4250.4251.35 1.35 1.35 1.35 1.35 1.35 
1.35 1.35 1.35 1.35 1.35 1.35 1.35 1.35 1.35 1.35 1.35 1.35 16.1116.1116.1116.1116.1116.1116.1116.1116.1116.1116.1116.1116.1116.1116.1116.1116.1116.1116.1116.1116.1116.1116.1116.1116.1116.1116.1116.1116.1116.111.35 1.35 1.35 1.35 1.35 1.35 1.35 1.35 
1.35 1.35 1.35 1.35 1.35 1.35 1.35 1.35 1.35 1.35 0.4250.4250.4250.4250.4250.4250.4250.4250.4250.4250.4250.4251.35 1.35 1.35 1.35 1.35 1.35 1.35 1.35 1.35 1.35 1.35 1.35 1.35 1.35 1.35 1.35 1.35 1.35 0.4250.4250.4250.4250.4250.4250.4250.4250.4250.425
0.4250.4251.35 1.35 1.35 1.35 1.35 1.35 
1.35 1.35 1.35 1.35 1.35 1.35 1.35 1.35 1.35 1.35 1.35 1.35 16.1116.1116.1116.1116.1116.1116.1116.1116.1116.1116.1116.1116.1116.1116.1116.1116.1116.1116.1116.1116.1116.1116.1116.1116.1116.1116.1116.1116.1116.111.35 1.35 1.35 1.35 1.35 1.35 1.35 1.35 
1.35 1.35 1.35 1.35 1.35 1.35 1.35 1.35 1.35 1.35 0.4250.4250.4250.4250.4250.4250.4250.4250.4250.4250.4250.4251.35 1.35 1.35 1.35 1.35 1.35 1.35 1.35 1.35 1.35 1.35 1.35 1.35 1.35 1.35 1.35 1.35 1.35 0.4250.4250.4250.4250.4250.4250.4250.4250.4250.425
0.4250.4251.35 1.35 1.35 1.35 1.35 1.35 
1.35 1.35 1.35 1.35 1.35 1.35 1.35 1.35 1.35 1.35 1.35 1.35 16.1116.1116.1116.1116.1116.1116.1116.1116.1116.1116.1116.1116.1116.1116.1116.1116.1116.1116.1116.1116.1116.1116.1116.1116.1116.1116.1116.1116.1116.111.35 1.35 1.35 1.35 1.35 1.35 1.35 1.35 
1.35 1.35 1.35 1.35 1.35 1.35 1.35 1.35 1.35 1.35 0.4250.4250.4250.4250.4250.4250.4250.4250.4250.4250.4250.4251.35 1.35 1.35 1.35 1.35 1.35 1.35 1.35 1.35 1.35 1.35 1.35 1.35 1.35 1.35 1.35 1.35 1.35 0.4250.4250.4250.4250.4250.4250.4250.4250.4250.425
0.4250.4251.35 1.35 1.35 1.35 1.35 1.35 
